index,class,daisy,dandelion,rose,sunflower,tulip
3025,daisy,0.9995485,0.00017372223,6.256434e-05,0.00012307783,9.205848e-05
3026,daisy,0.5811234,0.01636704,0.024289832,0.16803493,0.21018471
3027,daisy,6.0774714e-06,1.1281367e-05,1.7466307e-05,0.9999577,7.4545014e-06
3028,daisy,0.00012434626,0.9997271,2.9332303e-05,9.425339e-05,2.4925217e-05
3029,daisy,0.00020948598,0.00034899864,0.000441065,0.00078405906,0.99821633
3030,daisy,9.71853e-06,0.9999733,1.5307534e-06,1.2701634e-05,2.6400842e-06
3031,daisy,0.9998908,9.368961e-06,2.1135682e-05,6.176095e-05,1.693209e-05
3032,daisy,3.303276e-05,1.3034138e-05,9.276839e-05,3.616005e-05,0.99982506
3033,daisy,9.1131415e-06,1.2441833e-05,0.99959844,7.183647e-06,0.0003727888
3034,daisy,0.9997825,0.00010415324,2.1955604e-05,8.021182e-05,1.1171268e-05
3035,daisy,6.2091735e-06,0.99997914,1.6812439e-06,1.1378216e-05,1.6466391e-06
3036,daisy,1.9331937e-06,6.0600864e-06,0.9999769,1.9345641e-06,1.3212823e-05
3037,daisy,3.5328067e-06,1.07173355e-05,8.716477e-05,1.0874455e-05,0.9998877
3038,daisy,0.0010079447,0.99865794,3.7125857e-05,0.00012809527,0.00016882457
3039,daisy,0.00013730876,7.381435e-05,0.0001658819,0.9995982,2.4917535e-05
3040,daisy,0.00048194008,0.0016020614,0.4579619,0.00040879883,0.53954536
3041,daisy,0.0001068609,0.9997609,1.4017125e-05,6.716329e-05,5.1024865e-05
3042,daisy,3.1699794e-05,1.6391929e-05,0.00027686902,9.697652e-06,0.9996654
3043,daisy,6.86987e-05,0.9998492,6.159606e-06,3.834153e-05,3.7590078e-05
3044,daisy,2.5908005e-07,7.854588e-07,0.9999937,1.0015768e-06,4.3139466e-06
3045,daisy,9.08389e-06,6.0072e-06,6.5264125e-05,0.99990916,1.05322415e-05
3046,daisy,8.336689e-07,2.0738692e-06,1.2877989e-06,0.99999166,4.156888e-06
3047,daisy,3.905873e-05,1.1559908e-05,0.00029132713,0.00013109321,0.999527
3048,daisy,3.0484116e-06,2.4179928e-06,1.0947391e-05,4.8532397e-06,0.99997866
3049,daisy,0.9990415,0.00039241457,0.00014382547,0.00018785625,0.00023441557
3050,daisy,1.591175e-05,2.685854e-05,0.00010141519,0.99984026,1.5613468e-05
3051,daisy,0.99997056,4.684665e-06,3.966257e-06,1.4311837e-05,6.522878e-06
3052,daisy,5.918861e-05,3.9885763e-05,6.8837595e-05,7.0552946e-05,0.9997614
3053,daisy,0.9996511,6.9035435e-05,6.388736e-05,0.00014999298,6.604216e-05
3054,daisy,0.99998295,6.8256372e-06,2.494407e-06,3.800322e-06,3.920718e-06
3055,daisy,6.848063e-05,0.99989605,1.1599355e-05,1.6475682e-05,7.4330865e-06
3056,daisy,2.2498705e-05,0.9999726,1.5264578e-06,2.7502326e-06,5.944477e-07
3057,daisy,1.269851e-05,1.9155463e-05,0.00011717347,0.9998417,9.214007e-06
3058,daisy,9.566143e-05,0.00038858093,0.9989178,0.00018674755,0.00041124874
3059,daisy,2.2172906e-05,1.04341e-05,6.625677e-05,0.99979883,0.00010228262
3060,daisy,0.99991095,1.0560534e-05,1.4445375e-05,4.8523583e-05,1.5519914e-05
3061,daisy,3.6826088e-05,1.4499592e-05,0.00011733659,2.9973364e-05,0.99980146
3062,daisy,8.020292e-05,0.00010588461,0.00012244037,8.482846e-05,0.99960667
3063,daisy,0.0007049416,0.00029348404,8.333584e-05,0.99887973,3.8478818e-05
3064,daisy,0.99973637,4.571481e-05,3.1224154e-05,0.00015150315,3.5183588e-05
3065,daisy,0.9997632,2.141405e-05,2.4249222e-05,2.7021923e-05,0.00016427816
3066,daisy,6.1787855e-06,0.9999769,2.1664669e-06,1.2020871e-05,2.7891085e-06
3067,daisy,1.9042616e-05,4.1399224e-05,0.9957467,5.1226343e-05,0.00414168
3068,daisy,0.9980117,0.0004553112,0.00015582128,0.0012032287,0.00017385575
3069,daisy,6.6268703e-06,0.9999852,6.127804e-07,6.5530576e-06,9.3607855e-07
3070,daisy,0.00011756815,3.584333e-05,0.9972153,0.00013204367,0.0024992835
3071,daisy,1.1014426e-05,6.3197767e-06,4.0539733e-05,3.8561993e-05,0.99990356
3072,daisy,0.9996284,4.158964e-05,7.4084295e-05,0.00015546108,0.00010030614
3073,daisy,6.9683153e-07,1.0077923e-06,0.99999654,1.2554385e-06,4.5695316e-07
3074,daisy,1.0386621e-05,1.1136355e-05,0.99996257,1.1285834e-05,4.6292857e-06
3075,daisy,4.562066e-06,1.7004611e-05,0.99908507,1.7169703e-05,0.00087617483
3076,daisy,5.825758e-06,2.0944257e-05,0.9999602,7.790479e-06,5.2035625e-06
3077,daisy,0.00013134295,0.99970406,7.5315955e-05,5.401352e-05,3.522993e-05
3078,daisy,0.0010038242,0.0023136372,0.98407865,0.0006036927,0.012000267
3079,daisy,1.8106673e-05,1.931663e-05,0.00064867875,2.1877528e-05,0.999292
3080,daisy,9.8826815e-05,6.033421e-06,4.9679074e-05,0.9997508,9.465819e-05
3081,daisy,0.9999567,1.4885398e-05,5.5123264e-06,1.8576075e-05,4.3410914e-06
3082,daisy,1.4769437e-05,0.00010654775,3.161972e-05,0.9998246,2.251381e-05
3083,daisy,3.9119575e-05,0.00012997362,5.8609126e-05,0.9997503,2.1923388e-05
3084,daisy,0.00023326233,9.883696e-05,0.00037380442,0.9988821,0.00041199464
3085,daisy,0.99771154,0.0020264974,1.8082896e-05,6.819697e-05,0.00017566832
3086,daisy,0.00084795203,0.0031557519,0.9772251,0.0011932978,0.017577875
3087,daisy,1.7977654e-05,0.99995625,7.724167e-07,2.3412358e-05,1.5774303e-06
3088,daisy,0.0010691235,0.0014700373,0.06908983,0.0007259814,0.9276451
3089,daisy,4.350144e-05,1.3542855e-05,0.00033999456,2.3952103e-05,0.999579
3090,daisy,1.2430549e-05,1.7273238e-05,0.99861085,1.5102425e-05,0.0013442961
3091,daisy,0.00030598303,0.00070924754,0.9882658,0.0012519071,0.009467015
3092,daisy,2.1888768e-06,4.9791784e-06,0.99933213,4.7041585e-06,0.00065596733
3093,daisy,5.7452595e-05,3.139391e-05,0.00015525788,4.2155294e-05,0.9997137
3094,daisy,6.0601633e-06,1.4162491e-06,1.9841993e-05,1.4536537e-05,0.99995816
3095,daisy,0.00086833094,0.000114289505,0.0002817065,0.0007082263,0.9980275
3096,daisy,9.248138e-06,3.2337994e-05,4.0950494e-05,0.9999112,6.3520733e-06
3097,daisy,3.7945993e-05,0.9996829,3.3140703e-05,0.00022844198,1.7552971e-05
3098,daisy,1.07609085e-05,4.6161617e-06,3.489774e-05,2.9906727e-05,0.9999198
3099,daisy,5.2888943e-05,8.951694e-05,0.00012064698,0.99969435,4.261267e-05
3100,daisy,7.592548e-05,0.99955064,3.7319995e-05,0.0003187368,1.7303566e-05
3101,daisy,0.9998883,7.8687925e-05,4.9352525e-06,1.263451e-05,1.551943e-05
3102,daisy,2.0626136e-05,8.42693e-06,0.000113153525,3.1094674e-05,0.9998267
3103,daisy,0.99998057,6.8991276e-06,1.5413368e-06,5.7752936e-06,5.2979435e-06
3104,daisy,0.9999833,3.1385714e-06,3.146687e-06,9.275498e-06,1.2191464e-06
3105,daisy,3.093046e-06,3.9809765e-06,2.4892995e-05,8.627601e-06,0.99995935
3106,daisy,0.008267981,0.9862964,0.0009235099,0.0021772003,0.0023349675
3107,daisy,0.9987268,0.000111636815,0.00013818423,0.0007241486,0.00029917157
3108,daisy,0.00010898523,0.9996099,4.6644218e-05,0.00020546741,2.9127112e-05
3109,daisy,5.4202243e-05,3.6228164e-05,8.399668e-05,0.00020126824,0.99962425
3110,daisy,1.1152771e-07,6.3433373e-07,0.99999464,3.109248e-07,4.244385e-06
3111,daisy,0.00013958127,0.9992773,0.00016245629,0.0003359848,8.479453e-05
3112,daisy,6.997271e-06,0.99998,2.119818e-06,9.926764e-06,9.921382e-07
3113,daisy,7.602853e-06,1.2153334e-05,2.4103269e-05,3.7767753e-05,0.99991834
3114,daisy,0.9994611,6.791581e-05,8.84189e-05,0.00030108492,8.1473794e-05
3115,daisy,1.0115925e-05,1.0305965e-05,0.9999393,2.893885e-05,1.13872065e-05
3116,daisy,2.9886969e-05,7.072596e-05,0.00022457763,0.9996586,1.6338206e-05
3117,daisy,1.1489069e-05,6.5866343e-06,7.591606e-05,1.6182126e-05,0.99988985
3118,daisy,0.00012676958,0.99961984,4.5802648e-05,0.00015272996,5.4761484e-05
3119,daisy,8.03731e-06,4.476636e-05,2.3566197e-05,0.9999167,6.920181e-06
3120,daisy,1.2810286e-05,2.1168766e-05,5.28008e-05,1.1984078e-05,0.9999013
3121,daisy,8.484128e-06,4.945535e-06,2.1267004e-05,1.8366201e-05,0.99994695
3122,daisy,5.4463085e-06,6.517566e-07,0.99998903,3.7282118e-06,1.071722e-06
3123,daisy,5.523516e-06,4.5155826e-05,4.815159e-05,0.99989593,5.201393e-06
3124,daisy,2.915531e-06,1.04161245e-05,0.9999409,3.658472e-06,4.211584e-05
3125,daisy,0.9900304,0.0011814252,0.0016783328,0.0028058067,0.0043040346
3126,daisy,5.728687e-06,8.039354e-06,0.9999745,7.186637e-06,4.467496e-06
3127,daisy,3.3143657e-05,0.99975103,7.476824e-06,0.00019282321,1.549754e-05
3128,daisy,0.0001172039,0.9998,2.5805375e-05,4.3101405e-05,1.381295e-05
3129,daisy,2.4423949e-05,3.8791313e-05,0.0023181154,3.140209e-05,0.9975873
3130,daisy,4.0055015e-06,0.99998426,8.876612e-07,3.4726045e-06,7.385352e-06
3131,daisy,0.1928909,0.01973843,0.00086528476,0.7857218,0.000783508
3132,daisy,6.635936e-05,1.4745224e-05,3.0139408e-05,6.754304e-05,0.99982125
3133,daisy,1.2054835e-05,2.0834192e-05,0.9998134,1.8835464e-05,0.00013488067
3134,daisy,1.0227204e-06,1.0689843e-06,1.1305071e-05,3.0575625e-06,0.99998343
3135,daisy,0.00022359494,0.9991673,0.00014507354,0.0003607096,0.00010333538
3136,daisy,2.1368769e-05,3.0662173e-05,0.00015419151,0.9997502,4.3566357e-05
3137,daisy,0.00016568357,0.9994653,3.409491e-05,0.00029386676,4.1078565e-05
3138,daisy,2.412454e-05,7.543792e-05,0.00012714638,0.9997094,6.382027e-05
3139,daisy,1.0677231e-05,0.00022554635,0.99922705,0.000120086785,0.00041659735
3140,daisy,0.0005995992,0.99860805,0.0001997935,0.00044709898,0.00014543564
3141,daisy,1.6534008e-05,2.5227611e-05,4.8901828e-05,0.9999033,5.9659733e-06
3142,daisy,0.00017100641,0.00028478858,0.00028219103,0.99920267,5.9336562e-05
3143,daisy,1.6538258e-06,1.6977502e-06,0.99998534,4.0138807e-06,7.2872017e-06
3144,daisy,0.99990296,1.9807434e-05,1.8408846e-05,2.9976123e-05,2.886784e-05
3145,daisy,9.557668e-06,0.99997675,8.6465764e-07,1.1637156e-05,1.1102245e-06
3146,daisy,4.396317e-06,2.2892857e-05,4.783222e-05,0.9999181,6.753474e-06
3147,daisy,2.0851685e-05,2.5440917e-05,0.99987257,2.2719736e-05,5.8392892e-05
3148,daisy,6.1756627e-06,1.48984645e-05,0.9999329,2.6625476e-05,1.949794e-05
3149,daisy,0.001970784,0.0019985575,0.21828657,0.024674308,0.75306976
3150,daisy,0.00012179845,2.6613874e-05,0.00013310974,7.447407e-05,0.99964404
3151,daisy,0.0028822871,0.0150667075,0.19271195,0.78563166,0.0037074178
3152,daisy,1.6495134e-05,0.99993074,6.6979546e-06,3.6514757e-05,9.637423e-06
3153,daisy,6.716237e-05,9.447668e-05,0.0010931122,5.950818e-05,0.9986858
3154,daisy,0.9999676,1.9179763e-06,3.6369488e-06,2.2383689e-05,4.4516614e-06
3155,daisy,0.0062670344,0.002500514,0.6728576,0.10774622,0.21062867
3156,daisy,0.9999224,4.942038e-06,2.0206604e-05,4.3876513e-05,8.4843405e-06
3157,daisy,1.4543238e-05,1.2054054e-05,9.565649e-05,1.1839252e-05,0.9998659
3158,daisy,0.0002928004,0.999495,2.7145947e-05,9.556294e-05,8.945114e-05
3159,daisy,0.00079010025,0.00016835437,0.00028304048,0.00018384313,0.9985746
3160,daisy,6.48909e-05,0.99977976,2.9047005e-05,0.000100636775,2.5756393e-05
3161,daisy,0.99994504,2.095071e-05,1.0468e-05,1.5559555e-05,8.032749e-06
3162,daisy,8.33623e-05,0.00010587694,0.9989386,0.00019833459,0.00067380426
3163,daisy,2.17871e-06,2.6503205e-06,8.632437e-06,7.692331e-06,0.9999789
3164,daisy,0.0027642483,0.9945905,0.0006672723,0.0015759242,0.00040207608
3165,daisy,0.99965215,6.984615e-05,9.963969e-05,0.00010915138,6.924268e-05
3166,daisy,1.4306606e-05,0.00017125843,2.7634782e-05,0.9997557,3.113635e-05
3167,daisy,0.00013597227,0.0017136554,8.163702e-05,0.0019157854,0.99615294
3168,daisy,0.9996088,0.00015138632,4.9994138e-05,0.00014829283,4.1422452e-05
3169,daisy,6.2309996e-06,3.960647e-05,0.00015668056,0.99977547,2.2114147e-05
3170,daisy,1.2754559e-05,0.99996483,2.1036567e-06,1.813416e-05,2.2353536e-06
3171,daisy,8.779425e-05,0.018120317,0.00027499895,3.6725603e-05,0.9814803
3172,daisy,1.0262512e-05,3.3134267e-05,0.00094546785,3.5123718e-05,0.9989761
3173,daisy,6.796013e-05,4.3677006e-05,4.660433e-05,0.99977,7.188372e-05
3174,daisy,0.000639113,0.99899334,8.8957946e-05,0.0001588332,0.00011976685
3175,daisy,8.159741e-05,8.388929e-05,0.033971548,0.00016119829,0.96570176
3176,daisy,9.305304e-05,0.9996873,2.7700808e-05,0.0001663574,2.560902e-05
3177,daisy,0.0035503297,0.00029182303,0.00017553293,0.99586606,0.00011622251
3178,daisy,0.00028646592,0.99958843,2.4388995e-05,6.7898174e-05,3.2774537e-05
3179,daisy,0.0021647236,0.99622166,0.0002670447,0.0012012201,0.00014534943
3180,daisy,0.00011939483,0.00026930275,0.005178326,0.00016655434,0.99426657
3181,daisy,8.3740415e-05,0.99983966,1.03594475e-05,5.6119625e-05,1.0087848e-05
3182,daisy,0.00011454596,5.1744864e-05,0.999286,8.436631e-05,0.00046329244
3183,daisy,0.00011346554,0.99962115,5.5787707e-05,0.00015862184,5.095316e-05
3184,daisy,0.00012185883,0.00032782962,0.83297133,0.0003193085,0.16625969
3185,daisy,3.7639056e-05,1.2381057e-05,0.000107634616,3.0996995e-05,0.99981135
3186,daisy,0.9983424,0.00015340571,5.580658e-05,0.0007928626,0.00065551826
3187,daisy,0.55550283,0.012294422,0.2726429,0.15427019,0.005289601
3188,daisy,8.258668e-06,1.2604834e-05,0.0010260558,9.1045746e-05,0.99886215
3189,daisy,0.00010783124,8.403499e-05,4.4172433e-05,0.9996691,9.4899646e-05
3190,daisy,3.9738316e-06,6.4583337e-06,2.5878877e-05,1.0683796e-05,0.99995303
3191,daisy,3.993765e-06,5.908598e-06,2.573703e-05,1.1502543e-05,0.9999528
3192,daisy,0.9999435,2.0600059e-05,8.352374e-06,2.2399998e-05,5.1082066e-06
3193,daisy,1.6541603e-06,0.99997866,4.4400065e-07,1.9049721e-05,1.3684186e-07
3194,daisy,1.0605857e-05,3.99569e-05,0.99888414,0.00020010104,0.0008652068
3195,daisy,3.72881e-05,2.9086397e-05,0.99990094,2.6051677e-05,6.582111e-06
3196,daisy,0.00015329532,0.99954104,7.73525e-05,0.00017635402,5.195217e-05
3197,daisy,1.2687751e-06,8.216935e-07,9.377912e-06,5.856287e-06,0.9999826
3198,daisy,0.99997294,4.532107e-06,3.2154499e-06,1.5711486e-05,3.5936916e-06
3199,daisy,0.00054395106,0.9992544,2.8123373e-05,0.00011922884,5.423301e-05
3200,daisy,6.3465704e-05,4.2334115e-05,8.428021e-05,5.35989e-05,0.9997563
3201,daisy,2.0806567e-05,0.99993813,3.0433557e-06,3.6863592e-05,1.1326039e-06
3202,daisy,0.9999058,1.9890798e-05,5.3660906e-06,5.9684327e-05,9.18384e-06
3203,daisy,0.9985507,0.000633083,4.0370993e-05,0.0007493277,2.6519841e-05
3204,daisy,6.41603e-05,0.000118852644,0.0005800633,0.99917656,6.026262e-05
3205,daisy,0.9995265,0.00017259053,1.5543003e-05,9.7358665e-05,0.00018804336
3206,daisy,7.8234945e-07,5.6945315e-05,5.486459e-06,0.99993634,3.9248013e-07
3207,daisy,1.125798e-05,1.0806763e-05,0.00014564526,1.0979961e-05,0.99982136
3208,daisy,8.994281e-05,0.00020577751,0.0026729759,0.00020081639,0.9968304
3209,daisy,0.07037255,0.11672577,0.002976475,0.026484473,0.78344065
3210,daisy,0.0011377475,0.997512,0.00029961066,0.00074110064,0.0003095898
3211,daisy,0.9999591,8.046863e-06,5.002876e-06,2.137821e-05,6.3844695e-06
3212,daisy,0.99996054,1.0714017e-05,4.289534e-06,2.0177622e-05,4.299712e-06
3213,daisy,0.9993703,9.780463e-05,0.00010037141,0.00036866625,6.2821186e-05
3214,daisy,0.99974173,7.590851e-05,3.6531015e-05,6.6598484e-05,7.91687e-05
3215,daisy,3.1467367e-05,7.842254e-05,0.0032284241,1.8231047e-05,0.9966434
3216,daisy,0.00020803892,0.00035897503,0.21740973,0.00034514486,0.7816781
3217,daisy,0.9999591,6.015515e-06,5.357596e-06,2.4050567e-05,5.4777215e-06
3218,daisy,3.2668372e-06,3.8609e-06,0.99995697,2.9392482e-05,6.5191316e-06
3219,daisy,1.23011e-05,1.2974831e-05,6.955303e-05,0.9998889,1.624972e-05
3220,daisy,0.9999484,1.939949e-05,3.6526253e-06,1.917456e-05,9.296356e-06
3221,daisy,2.004596e-05,0.999918,2.8683487e-06,4.9622933e-05,9.47625e-06
3222,daisy,0.06925682,0.061413623,0.3659185,0.15155338,0.3518577
3223,daisy,1.9026224e-05,0.9999585,8.1019806e-07,2.050239e-05,1.0969927e-06
3224,daisy,0.99998116,3.8113599e-06,2.0405855e-06,1.15544335e-05,1.4529005e-06
3225,daisy,0.0006134968,0.9959894,0.0009517778,0.0022103817,0.0002349524
3226,daisy,3.2795608e-05,1.6832313e-05,0.9998324,2.8752473e-05,8.927548e-05
3227,daisy,0.00017237623,2.4869056e-05,9.31066e-05,7.72073e-05,0.99963236
3228,daisy,2.1967293e-05,1.6077945e-05,4.899348e-05,4.939446e-05,0.9998636
3229,daisy,0.9993693,8.266278e-05,0.00010148108,0.00028184376,0.00016460211
3230,daisy,3.6857148e-06,3.1867727e-05,0.99916244,1.2049882e-05,0.0007899925
3231,daisy,1.3649878e-06,5.714373e-06,0.99994373,5.81501e-06,4.3294356e-05
3232,daisy,1.05062745e-05,1.0980115e-05,3.0222875e-05,4.2282023e-05,0.99990594
3233,daisy,0.027152862,0.043623123,0.7471157,0.005801808,0.17630649
3234,daisy,2.6189816e-06,1.0532476e-05,0.9997607,6.9224254e-05,0.00015700926
3235,daisy,1.4076611e-05,0.99997306,1.6847183e-06,9.776813e-06,1.3764886e-06
3236,daisy,3.03461e-05,1.5963173e-05,9.232087e-05,3.576282e-05,0.99982554
3237,daisy,0.9999422,1.1331622e-05,8.786622e-06,2.2157357e-05,1.5453552e-05
3238,daisy,0.0090100635,0.9106465,0.000404179,0.008898085,0.07104105
3239,daisy,0.99991107,1.5030631e-05,1.46391885e-05,2.2116134e-05,3.7068367e-05
3240,daisy,7.1525087e-06,0.99998844,7.462288e-07,2.2474667e-06,1.4169162e-06
3241,daisy,3.7261252e-05,0.9999169,1.085955e-05,1.9359664e-05,1.5602043e-05
3242,daisy,6.892685e-05,6.079688e-05,1.612374e-05,0.9998392,1.4931488e-05
3243,daisy,1.4844124e-05,9.021956e-06,4.605766e-05,0.9998971,3.2896904e-05
3244,daisy,0.00011496241,0.9997142,3.159959e-05,0.00010038193,3.8894043e-05
3245,daisy,0.0025364922,0.00052922167,0.0002586921,0.9964818,0.00019386066
3246,daisy,4.3735767e-05,0.99988616,1.0318673e-05,3.9520375e-05,2.0213833e-05
3247,daisy,0.9994017,9.993653e-05,0.00018524953,0.00021685683,9.628682e-05
3248,daisy,5.476302e-06,0.99998593,1.0563264e-06,6.801641e-06,7.027852e-07
3249,daisy,3.482626e-06,7.5916078e-06,8.941382e-06,2.367456e-05,0.99995637
3250,daisy,7.116723e-06,1.2085109e-05,4.970906e-05,0.9999231,8.066727e-06
3251,daisy,0.99998474,3.5147364e-06,1.7054688e-06,3.4774612e-06,6.576883e-06
3252,daisy,0.00022882191,0.00014786581,0.00037138327,9.1926915e-05,0.99916005
3253,daisy,1.0566373e-06,6.6160146e-07,0.99999225,1.8754198e-06,4.1313237e-06
3254,daisy,9.381874e-05,0.99957293,1.869655e-05,0.00021593779,9.859217e-05
3255,daisy,1.8176034e-07,2.6546087e-07,2.2376346e-06,1.4090006e-06,0.9999958
3256,daisy,0.00015921927,0.00014502501,0.001163785,0.00014083895,0.9983911
3257,daisy,0.99712414,8.851553e-05,8.243052e-05,0.0025842374,0.0001208132
3258,daisy,0.09422227,0.9053923,0.00011841492,0.00010300534,0.0001640531
3259,daisy,0.00019014796,0.0005046373,0.0003017559,3.857417e-05,0.9989648
3260,daisy,0.00021854241,0.00066644745,0.0005800182,0.99711573,0.0014192396
3261,daisy,0.00048457587,0.0064176465,0.008960437,0.9833,0.00083742174
3262,daisy,2.9925525e-06,2.4865756e-05,0.99955505,1.86126e-05,0.00039841022
3263,daisy,4.786864e-05,0.9997713,2.2323742e-05,0.0001378749,2.0645104e-05
3264,daisy,9.851415e-06,0.99989736,7.835208e-06,7.6780096e-05,8.230207e-06
3265,daisy,3.070634e-05,0.9999058,2.3038758e-06,4.5758763e-05,1.5354479e-05
3266,daisy,2.4448575e-05,5.13939e-05,2.5338386e-05,0.99989295,5.92624e-06
3267,daisy,5.7159177e-05,0.9996767,2.849184e-05,0.00019535235,4.2372143e-05
3268,daisy,4.9836035e-05,2.3722343e-05,0.00013279397,3.3637592e-05,0.9997601
3269,daisy,0.010112645,0.9501542,0.00017013965,0.016229244,0.023333818
3270,daisy,0.9997913,4.9994018e-05,7.146071e-05,4.653014e-05,4.063229e-05
3271,daisy,1.6826693e-06,0.99999106,7.625965e-07,5.7370644e-06,8.035627e-07
3272,daisy,1.166259e-05,8.113183e-06,0.00030183845,1.6058495e-05,0.9996623
3273,daisy,1.107954e-06,1.5185542e-06,0.9999933,1.6998781e-06,2.3017537e-06
3274,daisy,0.99925977,0.00022220133,2.5078956e-05,0.00046576397,2.7173874e-05
3275,daisy,0.99965274,0.00015304847,2.8300161e-05,0.00012296406,4.3059357e-05
3276,daisy,2.3569115e-05,4.2275173e-05,6.7875386e-05,4.428875e-05,0.9998221
3277,daisy,1.5353799e-05,0.99996936,2.344948e-06,6.599237e-06,6.4195624e-06
3278,daisy,6.6428024e-06,0.999966,5.4918987e-06,1.8725925e-05,3.181958e-06
3279,daisy,0.9999317,7.343969e-06,9.656053e-06,1.9153058e-05,3.2149263e-05
3280,daisy,0.00026756045,0.99857795,8.04365e-05,0.0010402503,3.3805576e-05
3281,daisy,0.00010130131,0.9995894,2.8396473e-05,0.00026190624,1.895765e-05
3282,daisy,0.0002807859,0.0005890124,0.0055310545,0.0020175406,0.9915816
3283,daisy,8.15026e-06,3.1688065e-05,2.2088063e-05,0.9999304,7.6524175e-06
3284,daisy,3.1317013e-05,0.99980956,1.3128635e-05,0.00011173345,3.429001e-05
3285,daisy,5.4051606e-07,0.9999988,9.176823e-08,4.2842504e-07,8.832066e-08
3286,daisy,0.00043156688,0.005305314,0.9906997,0.0017408299,0.0018225953
3287,daisy,3.324079e-06,3.5266847e-05,2.1355016e-05,0.9999342,5.8024575e-06
3288,daisy,0.97768867,0.0014596303,0.009980325,0.007921235,0.002950112
3289,daisy,2.2777958e-05,0.00012373966,7.937818e-05,0.9997664,7.717247e-06
3290,daisy,0.9997092,0.00021798744,1.2051798e-05,2.709752e-05,3.35813e-05
3291,daisy,2.2532664e-05,0.9999559,6.8158124e-06,1.0991896e-05,3.8306894e-06
3292,daisy,0.00025237858,0.9994785,5.119169e-05,0.00013546097,8.241322e-05
3293,daisy,3.7909776e-05,6.5569344e-05,0.9997274,7.027034e-05,9.87562e-05
3294,daisy,0.001181153,0.9976997,0.00035179363,0.0005078429,0.00025952084
3295,daisy,7.597153e-05,0.00010357987,8.035779e-05,0.00017912585,0.9995609
3296,daisy,1.3370958e-05,1.4648227e-05,0.99962807,2.7546508e-05,0.00031631647
3297,daisy,0.00081930426,0.99838305,0.00019880378,0.00041980128,0.00017904912
3298,daisy,0.00047952984,0.0004672143,0.00035607268,0.99826354,0.00043372906
3299,daisy,3.387638e-05,3.4733935e-06,0.99995494,6.581236e-06,1.1575587e-06
3300,daisy,3.52475e-05,0.9998833,9.167717e-06,5.8604124e-05,1.36368435e-05
3301,daisy,3.094788e-05,9.3576775e-05,5.8019974e-05,0.99971515,0.00010225338
3302,daisy,0.00013701373,0.99976856,1.6629627e-05,5.18451e-05,2.6019849e-05
3303,daisy,6.7020237e-06,3.557933e-05,0.99975795,0.00015945839,4.0408315e-05
3304,daisy,0.0020135012,0.00038298758,0.000968535,0.0005133493,0.9961217
3305,daisy,0.9999869,4.740365e-06,1.7469458e-06,3.981796e-06,2.6265839e-06
3306,daisy,4.2645683e-05,3.018091e-05,2.3243885e-05,0.999843,6.09119e-05
3307,daisy,3.1780644e-05,0.9998636,2.010468e-05,6.85837e-05,1.5918693e-05
3308,daisy,0.0020204298,0.012906172,0.019949725,0.96399575,0.0011280375
3309,daisy,0.9999658,1.8847448e-05,2.8757636e-06,8.447576e-06,4.0863297e-06
3310,daisy,4.59235e-05,0.9998764,6.7333463e-06,4.2311145e-05,2.8628527e-05
3311,daisy,0.9996917,8.8623274e-05,5.605366e-05,0.00011464768,4.8928563e-05
3312,daisy,7.670288e-06,9.411483e-06,0.99977,2.3334267e-05,0.00018959962
3313,daisy,8.14933e-06,3.6466151e-06,0.9999677,8.310338e-06,1.2287741e-05
3314,daisy,0.999985,3.396939e-06,2.6359135e-06,4.2588144e-06,4.7581975e-06
3315,daisy,0.00023583836,0.99958307,8.303518e-05,6.6978515e-05,3.1130978e-05
3316,daisy,0.9999032,1.9052606e-05,9.180199e-06,5.2711195e-05,1.5896627e-05
3317,daisy,3.5142122e-05,0.9999399,2.3526154e-06,1.9043315e-05,3.487687e-06
3318,daisy,0.0002710507,0.99914086,0.00019506877,0.0002633804,0.00012964675
3319,daisy,0.99986136,2.6723592e-05,1.5729747e-05,7.6121316e-05,2.0055895e-05
3320,daisy,0.99738044,0.00036410568,0.00025282032,0.0018347187,0.00016793508
3321,daisy,1.2666904e-07,6.5562267e-07,0.9999981,4.692294e-07,6.5755506e-07
3322,daisy,0.0003989127,0.000111854315,0.00019981514,0.9991487,0.00014068127
3323,daisy,1.9384025e-07,1.3496864e-07,0.9999987,7.7908703e-07,1.2225888e-07
3324,daisy,6.284471e-05,3.6640216e-05,9.002853e-05,6.141397e-05,0.9997491
3325,daisy,2.5824515e-05,0.99991393,8.259577e-06,4.135957e-05,1.0673826e-05
3326,daisy,0.00011535787,0.9997179,4.3300064e-05,4.7047248e-05,7.641469e-05
3327,daisy,9.2338505e-06,8.723587e-06,0.99966896,9.025275e-06,0.0003040306
3328,daisy,5.4325155e-05,0.9998179,1.0800277e-05,0.00010312986,1.3921523e-05
3329,daisy,4.445312e-05,0.9998902,1.4521235e-05,3.456276e-05,1.6274666e-05
3330,daisy,0.055723038,0.0003784427,0.9312043,0.002823329,0.0098708505
3331,daisy,2.2098686e-05,1.9594245e-05,0.99956733,4.3122945e-05,0.00034783792
3332,daisy,0.9999578,8.18781e-06,6.379221e-06,1.3725777e-05,1.3865776e-05
3333,daisy,3.554678e-05,8.288475e-05,0.00022553971,0.9996208,3.5125377e-05
3334,daisy,2.7995326e-05,0.0001712661,7.003802e-05,0.9995173,0.00021338167
3335,daisy,0.0002628661,0.9995567,5.070035e-05,9.81813e-05,3.147756e-05
3336,daisy,0.36220762,0.010402651,0.007885856,0.6142972,0.0052066036
3337,daisy,0.9997478,4.1317497e-05,1.788946e-05,0.00016488368,2.8105691e-05
3338,daisy,1.8307648e-05,9.993015e-06,4.056236e-05,2.6474223e-05,0.99990463
3339,daisy,2.6595075e-07,3.968698e-07,0.999997,1.1176376e-06,1.1089253e-06
3340,daisy,2.022089e-05,3.8847866e-05,2.3581688e-05,0.99988997,2.7367343e-05
3341,daisy,8.461424e-05,0.99983895,1.378956e-05,2.771315e-05,3.487227e-05
3342,daisy,0.99994934,8.866289e-06,4.3145533e-06,3.254137e-05,4.95773e-06
3343,daisy,0.9868319,0.012052121,5.2201434e-05,0.0008845671,0.00017912364
3344,daisy,1.2278688e-06,0.9999894,1.9940242e-06,6.700207e-06,6.9989477e-07
3345,daisy,5.115625e-05,0.9998616,2.4049392e-05,4.963656e-05,1.3542756e-05
3346,daisy,0.9995086,0.00016654306,0.00016522131,0.00014686878,1.2763497e-05
3347,daisy,1.2974695e-05,5.606496e-06,3.0469304e-05,2.190135e-05,0.99992895
3348,daisy,5.351363e-06,2.769382e-05,0.9999137,1.5237841e-05,3.8059177e-05
3349,daisy,8.642175e-07,4.8608463e-06,0.9999826,2.1914252e-06,9.4740435e-06
3350,daisy,0.9997924,7.948463e-05,3.2517713e-05,5.1248513e-05,4.4393826e-05
3351,daisy,2.2404001e-05,0.9999229,1.14946e-05,3.468044e-05,8.477737e-06
3352,daisy,1.992895e-06,1.9602287e-06,1.450057e-06,0.9999876,7.0242822e-06
3353,daisy,5.8793594e-05,0.9998362,1.2352611e-05,8.0045415e-05,1.2528125e-05
3354,daisy,6.954671e-05,0.00027471757,0.99926513,0.00025314034,0.00013750329
3355,daisy,1.4482095e-05,1.2159668e-05,0.0002718247,6.121293e-05,0.9996402
3356,daisy,1.93954e-05,0.99995303,7.37543e-06,1.5692216e-05,4.4345543e-06
3357,daisy,7.83252e-07,2.230875e-06,9.605289e-06,3.2552662e-06,0.999984
3358,daisy,5.226706e-06,1.2565412e-05,0.99996996,7.4467484e-06,4.7953436e-06
3359,daisy,0.99959415,0.000117274125,3.0315305e-05,0.00010397523,0.00015430278
3360,daisy,0.0002631484,0.9991837,0.00010012794,0.0003624967,9.058313e-05
3361,daisy,0.00026454762,5.7238136e-05,0.00023184893,6.091608e-05,0.99938536
3362,daisy,3.7581463e-05,1.9076791e-05,0.99977463,0.00012495274,4.381396e-05
3363,daisy,3.821587e-05,1.0697374e-05,3.2981607e-05,2.2384616e-05,0.9998956
3364,daisy,0.99986875,3.1473068e-05,1.23348955e-05,6.209705e-05,2.5413032e-05
3365,daisy,0.99981946,3.310407e-05,1.9020386e-05,0.00010681142,2.1559106e-05
3366,daisy,0.00033204787,0.99869114,0.00028194115,0.0005483833,0.00014647125
3367,daisy,9.583275e-05,0.0009508081,0.0005137567,0.99833786,0.000101770784
3368,daisy,1.810904e-05,9.806507e-06,3.9300015e-05,0.9999118,2.1071019e-05
3369,daisy,0.00050866103,0.00027653863,0.034706853,0.00027625397,0.9642317
3370,daisy,2.0613138e-06,0.99997985,1.1593343e-06,1.5374417e-05,1.5171196e-06
3371,daisy,0.00011219291,0.9996171,6.111399e-05,0.00016860438,4.1005464e-05
3372,daisy,5.964748e-06,1.7035194e-05,0.9997857,1.0705056e-05,0.00018054622
3373,daisy,0.00015626552,0.9996637,4.074852e-05,0.00010716513,3.2192336e-05
3374,daisy,2.8620687e-05,0.9998542,1.8867824e-05,8.593452e-05,1.2301881e-05
3375,daisy,3.8545375e-05,0.9992411,8.409586e-06,0.000692678,1.9263933e-05
3376,daisy,3.812904e-05,0.9985233,3.486122e-06,0.00019089298,0.001244136
3377,daisy,8.3436666e-05,0.9998041,1.5402045e-05,7.374624e-05,2.3384784e-05
3378,daisy,0.00012758486,0.00019918947,0.0020661124,6.328209e-05,0.9975439
3379,daisy,7.861968e-05,0.9796012,1.6470938e-05,0.020035064,0.00026867512
3380,daisy,6.4313404e-06,8.054155e-06,5.1010666e-06,0.9999752,5.141737e-06
3381,daisy,0.9997142,7.4063595e-05,4.0753803e-05,7.039584e-05,0.000100540485
3382,daisy,0.9992036,8.850317e-05,0.00016644318,0.00047623302,6.529549e-05
3383,daisy,1.6814794e-05,1.9565212e-05,5.1716466e-05,0.99982774,8.4093466e-05
3384,daisy,0.0004352314,0.99878997,0.00024294156,0.00039081983,0.0001411494
3385,daisy,3.2631677e-05,0.9999198,8.393827e-06,3.3678083e-05,5.478081e-06
3386,daisy,1.7137934e-05,1.0102822e-05,0.0001927764,3.8051985e-05,0.99974185
3387,daisy,2.1155638e-05,2.9335108e-05,0.00042043708,6.592086e-06,0.9995223
3388,daisy,6.6179477e-06,1.8260458e-05,0.99990714,3.0612726e-05,3.7332415e-05
3389,daisy,0.5430293,0.28285617,0.13569966,0.0047416207,0.033673253
3390,daisy,7.4017237e-07,1.2004334e-06,0.99999034,1.6601867e-06,6.0137068e-06
3391,daisy,0.9999018,1.1078795e-05,6.826307e-06,7.155365e-05,8.822296e-06
3392,daisy,3.4038494e-05,0.9998615,1.692875e-05,7.059293e-05,1.7015946e-05
3393,daisy,8.485266e-06,0.9999696,4.981761e-06,1.49596635e-05,2.0023767e-06
3394,daisy,0.06434583,0.21583939,0.0033536677,0.04707779,0.66938335
3395,daisy,7.258968e-08,7.5721125e-08,0.99999917,2.388469e-07,4.2075376e-07
3396,daisy,6.86794e-06,3.3549215e-05,0.9993067,0.00021060086,0.000442182
3397,daisy,2.330136e-05,0.9999132,1.0030281e-05,4.2008218e-05,1.1453202e-05
3398,daisy,3.2698397e-05,0.99995005,7.1932154e-06,4.698138e-06,5.4014267e-06
3399,daisy,1.2302274e-05,0.9999596,6.4792334e-06,1.7075537e-05,4.608819e-06
3400,daisy,1.9587269e-05,1.2253111e-05,0.00011578867,2.1432686e-05,0.99983096
3401,daisy,0.00014238434,0.000166774,0.00016655435,0.99871695,0.0008073314
3402,daisy,5.8391743e-05,0.9998129,2.3963978e-06,0.000118861324,7.5548496e-06
3403,daisy,0.0022020957,0.9907396,0.004410627,0.0016888259,0.00095884973
3404,daisy,0.00069443695,0.000860406,0.93247527,0.0012663363,0.06470357
3405,daisy,6.90391e-05,2.7753633e-05,4.0570518e-05,1.5565956e-05,0.9998472
3406,daisy,2.231315e-05,8.300222e-05,0.9982986,3.833332e-05,0.0015577388
3407,daisy,0.0006423706,0.9988086,0.00017148287,0.00024832276,0.00012910033
3408,daisy,0.0037292086,0.0059596556,0.0056919637,0.9819546,0.0026645705
3409,daisy,3.5909336e-06,9.383372e-05,4.883422e-06,0.99989176,5.8921332e-06
3410,daisy,6.8956715e-06,0.99999166,1.4979065e-07,1.048304e-06,2.692059e-07
3411,daisy,6.9527766e-07,2.4798917e-06,0.9999881,3.5198261e-06,5.2115893e-06
3412,daisy,0.0009148766,0.0004151621,0.9824802,0.0016277313,0.014561891
3413,daisy,3.0177756e-05,3.6361802e-05,0.99961746,0.00011960499,0.00019632219
3414,daisy,1.8303212e-05,0.9999236,2.712373e-07,5.7292455e-05,4.6846566e-07
3415,daisy,0.00012614386,0.99961275,6.181523e-05,8.199106e-05,0.00011734466
3416,daisy,0.99993074,7.931884e-06,1.01837595e-05,3.3982207e-05,1.7146092e-05
3417,daisy,8.191472e-06,0.000116636715,6.34731e-05,0.9998042,7.4267136e-06
3418,daisy,1.6266275e-05,5.211726e-06,0.00016606034,8.000422e-06,0.99980456
3419,daisy,7.7451994e-05,7.712576e-05,9.47908e-05,3.7177044e-05,0.9997135
3420,daisy,3.0199658e-07,2.6171915e-07,0.9999987,4.602321e-07,3.0255148e-07
3421,daisy,0.0002682589,0.9992482,8.5493535e-05,0.00029786865,0.00010005869
3422,daisy,2.3641849e-06,5.417356e-07,0.99998844,1.6108722e-06,7.0418346e-06
3423,daisy,4.9502313e-07,1.3986604e-06,6.0033367e-06,1.5249415e-06,0.9999906
3424,daisy,8.426518e-06,2.0416666e-05,2.6235824e-05,0.99992466,2.0235037e-05
3425,daisy,0.99955684,0.0001997182,1.3559651e-05,0.00021881395,1.1114853e-05
3426,daisy,0.00018636804,0.00024383173,0.6353929,0.00040275077,0.36377418
3427,daisy,6.9520474e-06,7.849369e-06,0.9999523,1.2432524e-05,2.0462434e-05
3428,daisy,0.0011706477,0.000105092055,0.0003757348,0.0006707632,0.99767786
3429,daisy,0.99992454,2.4299787e-05,1.6324298e-05,2.163202e-05,1.3274927e-05
3430,daisy,0.99996114,5.9724266e-06,4.028179e-06,2.4536599e-05,4.264586e-06
3431,daisy,5.84218e-05,0.00020007111,0.010344639,7.943735e-05,0.9893175
3432,daisy,1.978622e-05,0.9999633,2.3501811e-06,1.273547e-05,1.7947092e-06
3433,daisy,0.00018031847,0.99945337,7.896334e-05,0.00023075403,5.6574383e-05
3434,daisy,9.5278e-06,9.301818e-06,1.2309223e-05,0.9999521,1.6760701e-05
3435,daisy,0.00019742548,4.4940476e-05,0.00059524423,4.1094358e-05,0.99912125
3436,daisy,0.99956614,7.334137e-05,5.089737e-05,0.00025098934,5.860621e-05
3437,daisy,0.00015754456,0.00087135524,0.9803421,0.0002786161,0.018350394
3438,daisy,0.99751747,0.00012872052,0.0009090601,0.0011866916,0.00025807734
3439,daisy,4.1795684e-06,3.780999e-06,1.5980171e-05,5.5819996e-06,0.99997044
3440,daisy,5.1405674e-05,3.2151947e-05,3.137314e-05,0.9998741,1.0880355e-05
3441,daisy,6.401372e-06,3.2439493e-06,5.5606037e-05,7.7078e-06,0.99992704
3442,daisy,0.18840608,0.05555635,0.00083411124,0.75179064,0.0034128348
3443,daisy,0.9999213,5.7358225e-06,1.2065637e-05,4.653668e-05,1.4309427e-05
3444,daisy,5.8527585e-05,0.99988675,7.857933e-06,2.9654055e-05,1.7138229e-05
3445,daisy,3.4570447e-05,0.9999095,2.2118504e-05,2.1798882e-05,1.19953365e-05
3446,daisy,0.00016337146,0.0007463896,0.0002001667,0.9987288,0.0001612147
3447,daisy,1.2916027e-05,8.842004e-05,3.4676857e-06,0.9998934,1.6770583e-06
3448,daisy,6.0693113e-05,7.60884e-05,5.350252e-05,0.9997533,5.6443834e-05
3449,daisy,9.8221084e-05,0.00018182691,0.4054096,0.00017210461,0.5941382
3450,daisy,2.0491808e-07,4.694551e-07,1.2391233e-06,1.7333542e-06,0.9999964
3451,daisy,2.9604678e-06,3.48308e-05,5.6590776e-05,0.9999012,4.4418925e-06
3452,daisy,0.9994419,0.00015723502,5.8140133e-05,0.00029019624,5.259952e-05
3453,daisy,7.881833e-06,4.9411956e-06,2.5217925e-05,2.8787224e-05,0.9999331
3454,daisy,1.2453103e-06,4.4375793e-06,0.999974,3.8405697e-06,1.6457807e-05
3455,daisy,0.00018516491,6.3351945e-05,0.0003406354,0.9986681,0.0007427567
3456,daisy,2.4838408e-05,6.278417e-05,0.00019581389,2.1405123e-05,0.9996953
3457,daisy,1.682558e-05,7.3043644e-05,7.2605444e-06,0.9998853,1.7460114e-05
3458,daisy,1.7560621e-06,6.218684e-06,0.9999685,1.5043196e-05,8.471343e-06
3459,daisy,0.00029505495,0.99913293,0.00012183119,0.00035650175,9.376626e-05
3460,daisy,0.0005460985,0.0011412599,0.997983,0.000109887056,0.00021971826
3461,daisy,3.136459e-06,1.0945892e-06,3.4929951e-06,5.0666026e-06,0.99998724
3462,daisy,1.9526132e-07,3.0122573e-07,0.99999785,4.9779334e-07,1.1668224e-06
3463,daisy,2.8004772e-05,1.1182039e-05,0.000109031556,0.99979454,5.7264842e-05
3464,daisy,6.3397492e-06,3.0198564e-05,0.99972874,1.8836367e-05,0.00021588847
3465,daisy,6.5586675e-05,0.99971515,3.525633e-05,0.00014431265,3.972354e-05
3466,daisy,7.112302e-05,0.00020218366,0.9977673,0.00014713257,0.0018122081
3467,daisy,1.8616415e-06,4.553753e-06,0.9999759,9.7529555e-06,7.861152e-06
3468,daisy,8.811024e-05,0.9998778,7.474664e-06,2.3266452e-05,3.3711067e-06
3469,daisy,7.1055474e-05,0.00046445563,0.49269453,0.00024642432,0.50652355
3470,daisy,1.8833309e-05,0.99990773,5.0203166e-06,3.6875408e-05,3.15155e-05
3471,daisy,0.00013426434,0.9996252,1.6727108e-05,0.00019595391,2.784805e-05
3472,daisy,0.9993191,0.00037242842,5.4474294e-05,7.778304e-05,0.00017625297
3473,daisy,3.1102234e-05,0.99989426,1.6332837e-05,4.93383e-05,8.948666e-06
3474,daisy,1.8995191e-06,1.0750487e-06,9.046522e-06,1.1477612e-05,0.9999765
3475,daisy,1.9125231e-05,0.99996364,5.5399805e-06,7.971138e-06,3.756877e-06
3476,daisy,0.009040891,0.9797346,0.0047281333,0.0025606172,0.0039358656
3477,daisy,4.4998606e-06,1.8880548e-05,0.99956816,0.000402117,6.353886e-06
3478,daisy,6.063962e-06,1.2228833e-05,0.9999391,1.4206192e-05,2.8376598e-05
3479,daisy,2.698678e-06,1.1413334e-05,5.9125912e-05,3.447891e-06,0.9999232
3480,daisy,3.4881418e-06,0.9999864,9.4527485e-07,5.859862e-06,3.2578362e-06
3481,daisy,1.0287959e-05,1.4362505e-05,8.3144056e-05,1.7310564e-05,0.99987483
3482,daisy,0.032117628,0.0029133603,0.00036836576,0.00042008635,0.9641805
3483,daisy,4.21266e-06,5.6860845e-06,5.0452127e-06,0.99996305,2.1989663e-05
3484,daisy,0.9998266,3.3909037e-05,1.745328e-05,0.00010831392,1.37772695e-05
3485,daisy,1.7815775e-05,1.8971217e-05,9.620341e-05,4.3957258e-05,0.99982315
3486,daisy,1.7251054e-05,0.99993014,8.814254e-06,3.5843976e-05,7.958073e-06
3487,daisy,4.1570812e-07,1.2204541e-06,0.99980325,0.00019298248,2.1592616e-06
3488,daisy,3.0564974e-05,9.2563505e-06,6.70173e-05,0.9998739,1.9186318e-05
3489,daisy,5.2539e-06,5.17769e-05,0.99888486,5.8258764e-05,0.0009999174
3490,daisy,0.00020279491,0.00188954,0.00062396284,0.99725866,2.50835e-05
3491,daisy,7.832122e-05,0.99959666,6.041688e-05,0.00023251979,3.2123386e-05
3492,daisy,5.6035433e-06,4.8201928e-06,4.8505655e-05,1.3462021e-05,0.99992764
3493,daisy,8.772058e-06,5.09985e-06,1.1570881e-05,1.374763e-05,0.9999608
3494,daisy,0.028055938,0.964753,0.0013108237,0.004193972,0.0016862432
3495,daisy,2.4623167e-05,2.1306609e-05,3.162977e-05,0.99991155,1.0852885e-05
3496,daisy,5.9722017e-05,0.9996464,7.328224e-05,0.00016769863,5.2926265e-05
3497,daisy,6.0825794e-05,0.00010706416,0.00017209117,0.99962616,3.390454e-05
3498,daisy,0.9970657,0.00062730326,0.0005206477,0.001628303,0.00015808514
3499,daisy,0.9999392,1.687777e-05,9.367861e-06,2.7769134e-05,6.6375455e-06
3500,daisy,2.8185494e-05,0.99986506,1.6708016e-05,7.919742e-05,1.0937361e-05
3501,daisy,0.0004539111,2.7580083e-05,9.323631e-05,0.0001190866,0.9993062
3502,daisy,6.977295e-05,0.99976224,2.5315581e-05,0.00012038359,2.2285063e-05
3503,daisy,5.2544176e-05,0.9998615,4.009474e-06,7.53003e-05,6.6324046e-06
3504,daisy,0.00012699974,0.9998221,8.46003e-07,4.8388363e-05,1.6872245e-06
3505,daisy,0.97153836,0.0006027268,0.018099137,0.007469024,0.002290884
3506,daisy,0.00013874617,7.1630646e-05,0.00016219108,9.310138e-05,0.99953437
3507,daisy,1.7318005e-06,3.064479e-06,0.99998367,2.8625113e-06,8.6870505e-06
3508,daisy,0.9999423,9.708808e-06,5.901361e-06,3.6187124e-05,5.887398e-06
3509,daisy,0.9999858,1.3684344e-06,3.2399505e-06,6.018855e-06,3.560847e-06
3510,daisy,2.777105e-06,0.9999858,9.875939e-07,4.0191953e-06,6.3909633e-06
3511,daisy,3.597763e-05,3.7330803e-05,6.648313e-05,0.9998287,3.1479703e-05
3512,daisy,9.238629e-06,3.9543094e-05,5.056043e-05,0.9998896,1.0995769e-05
3513,daisy,6.633787e-05,2.618146e-05,5.2438798e-05,0.9998186,3.6382717e-05
3514,daisy,0.0005490393,0.9991142,0.00011772284,0.00015487928,6.417135e-05
3515,daisy,2.367389e-05,0.9999347,5.388959e-06,3.0063591e-05,6.1833703e-06
3516,daisy,0.99978036,8.03228e-05,1.2718952e-05,4.8410897e-05,7.812687e-05
3517,daisy,0.999446,9.0330905e-05,0.00014174408,0.00018776981,0.00013420648
3518,daisy,2.3736397e-06,2.095595e-06,1.0306491e-05,2.4032165e-06,0.99998283
3519,daisy,0.99957865,7.628363e-05,6.0403174e-05,7.2517694e-05,0.00021214342
3520,daisy,0.9979919,0.00037350244,0.000445662,0.0005631265,0.0006258375
3521,daisy,1.5932317e-06,3.045311e-06,0.9999882,4.348956e-06,2.820406e-06
3522,daisy,0.9994167,8.7498156e-05,0.00012359781,0.0002893712,8.28679e-05
3523,daisy,0.12526351,0.1354517,0.017368048,0.4440826,0.27783427
3524,daisy,0.017449355,0.98194194,5.153313e-05,0.00038374978,0.00017349246
3525,daisy,0.058512405,0.10896705,0.1355484,0.09461995,0.60235214
3526,daisy,3.5978825e-05,5.5955155e-05,0.00030597465,0.000107184846,0.9994949
3527,daisy,0.00016954879,0.99966955,3.2958524e-05,9.273176e-05,3.5284014e-05
3528,daisy,3.50136e-05,0.999819,2.7595472e-05,5.20225e-05,6.651242e-05
3529,daisy,3.6838599e-06,0.99999094,7.839113e-07,2.394547e-06,2.1661708e-06
3530,daisy,7.8180465e-06,1.624496e-05,2.9071372e-05,0.99991727,2.965694e-05
3531,daisy,0.99984825,4.0365936e-05,3.020978e-05,3.4586003e-05,4.6563644e-05
3532,daisy,9.419768e-06,2.1888087e-05,0.9999126,4.822013e-05,7.824118e-06
3533,daisy,5.610279e-06,4.485934e-06,0.00010666567,9.181937e-06,0.999874
3534,daisy,7.106501e-06,6.6861794e-06,7.557826e-05,1.3356739e-05,0.99989724
3535,daisy,1.3991083e-06,3.6069387e-06,0.99998355,3.5775145e-06,7.902056e-06
3536,daisy,0.79785866,0.19255544,0.0017398627,0.0020482587,0.005797743
3537,daisy,0.08613113,0.9052397,0.001044371,0.003980588,0.0036042817
3538,daisy,0.3357628,0.46990865,0.018099347,0.07640933,0.09981977
3539,daisy,0.00032303936,0.9992465,7.236828e-05,0.0003040482,5.420853e-05
3540,daisy,2.4584104e-05,0.9999585,3.511632e-06,1.2644184e-05,7.90104e-07
3541,daisy,0.00023469694,0.999476,4.9473776e-05,0.00018312606,5.672964e-05
3542,daisy,1.5158696e-06,8.859492e-06,0.9995877,1.3622376e-05,0.0003883012
3543,daisy,5.3222375e-05,0.00027376512,2.0739908e-05,0.00043170416,0.9992205
3544,daisy,3.0077683e-06,5.62912e-06,0.99995935,1.6901256e-05,1.515055e-05
3545,daisy,0.00013533192,0.99922085,6.2583924e-05,0.00053064193,5.0545554e-05
3546,daisy,1.8739334e-05,1.7261738e-05,3.571044e-05,0.99991226,1.5999874e-05
3547,daisy,7.1071314e-05,0.0007452047,0.99864835,0.00012436227,0.00041109687
3548,daisy,0.00022290752,0.00018060091,0.99909234,0.00019644693,0.0003077397
3549,daisy,7.214659e-05,0.99990404,1.1697142e-06,2.1477079e-05,1.205029e-06
3550,daisy,5.613524e-07,6.2996114e-06,0.99996257,6.655836e-06,2.389678e-05
3551,daisy,5.507964e-05,0.999933,5.663717e-07,8.178734e-06,3.165406e-06
3552,daisy,0.00018435362,0.9994956,3.1782914e-05,0.00026160738,2.662513e-05
3553,daisy,9.9789495e-06,7.919652e-06,2.811742e-05,1.783256e-05,0.9999361
3554,daisy,0.9999527,2.4539364e-05,2.0121286e-06,9.96179e-06,1.0873782e-05
