index,class,daisy,dandelion,rose,sunflower,tulip
3025,daisy,0.9998145,0.00014424487,5.3863323e-06,2.9476641e-05,6.4218125e-06
3026,daisy,0.23283358,0.046464935,0.026013914,0.07193941,0.6227482
3027,daisy,1.9307132e-07,3.5636646e-08,2.1433291e-07,0.99999964,2.228581e-09
3028,daisy,0.0019830228,0.9967011,0.0006719067,0.0002084631,0.00043544616
3029,daisy,3.6498437e-05,0.0015358116,0.00025418753,1.873392e-05,0.99815476
3030,daisy,3.9652634e-05,0.999701,8.8563706e-05,4.7134556e-05,0.00012358968
3031,daisy,0.9999506,9.411389e-06,2.4803308e-05,1.22131705e-05,2.970274e-06
3032,daisy,9.5996766e-05,1.5335569e-05,2.5036943e-05,0.00046282084,0.9994008
3033,daisy,0.0003624577,3.851697e-05,0.9917654,0.0005841999,0.007249467
3034,daisy,0.99982756,2.875378e-05,0.00012415016,1.43056695e-05,5.2718065e-06
3035,daisy,4.4172552e-06,0.99998254,9.273445e-06,3.6871468e-06,7.8281964e-08
3036,daisy,0.00031841837,1.5378851e-05,0.9992899,3.8132562e-06,0.0003725036
3037,daisy,6.7978276e-06,3.170375e-05,0.00021022579,6.7130327e-06,0.9997446
3038,daisy,0.0009930785,0.99755746,0.00024886883,0.00011755169,0.0010830008
3039,daisy,0.0007136651,9.297477e-05,0.0003679462,0.99879426,3.1170166e-05
3040,daisy,9.5830386e-05,0.00036961102,0.0046890876,1.688356e-05,0.9948285
3041,daisy,0.00018450363,0.99967784,4.4026172e-05,3.6592384e-05,5.7097466e-05
3042,daisy,0.00081691827,0.000108871594,0.0006195786,3.8564576e-05,0.99841607
3043,daisy,0.0001994173,0.9979164,1.6597649e-05,0.0001243496,0.0017432747
3044,daisy,8.457942e-06,1.7813272e-06,0.9999436,1.1043563e-06,4.4942124e-05
3045,daisy,2.9928187e-06,6.8652724e-09,3.534674e-06,0.99999255,8.922178e-07
3046,daisy,1.273772e-07,8.94448e-09,3.323995e-06,0.99999344,3.116615e-06
3047,daisy,0.0010189714,0.0029504441,0.002650676,0.002609756,0.99077004
3048,daisy,5.754232e-06,8.512563e-06,8.3276114e-05,1.3742877e-05,0.9998887
3049,daisy,0.99361026,0.005449299,0.00015603603,0.0006085369,0.00017577897
3050,daisy,0.00013793228,7.678219e-06,3.4183147e-05,0.9998104,9.792804e-06
3051,daisy,0.9998561,3.2324293e-05,1.5082469e-05,2.057284e-05,7.586622e-05
3052,daisy,2.4246124e-06,1.5517184e-05,1.4132643e-05,4.82779e-06,0.9999631
3053,daisy,0.9990878,0.000101339174,3.1633932e-05,4.9733917e-05,0.00072948314
3054,daisy,0.99458086,0.0046760105,7.252522e-05,0.0006035599,6.719307e-05
3055,daisy,3.2463075e-05,0.9999396,2.5163865e-05,2.7038905e-06,1.096602e-08
3056,daisy,9.804343e-05,0.9998749,1.0708946e-05,1.467039e-05,1.7284913e-06
3057,daisy,1.3714834e-06,4.3784956e-07,2.0344902e-05,0.99997264,5.263401e-06
3058,daisy,4.1355594e-05,4.86495e-05,0.99977267,4.3964377e-05,9.3369956e-05
3059,daisy,4.7108924e-07,6.1817424e-08,2.1110836e-06,0.9999951,2.2427073e-06
3060,daisy,0.9999615,1.3719182e-05,1.8051502e-05,5.6522576e-06,1.0939809e-06
3061,daisy,2.452784e-06,3.1348252e-05,4.0151528e-05,2.949342e-05,0.9998965
3062,daisy,2.8640414e-05,7.457234e-05,7.864037e-06,2.2104582e-06,0.9998868
3063,daisy,3.095828e-05,8.225349e-07,7.8415013e-07,0.99996674,7.126639e-07
3064,daisy,0.99943894,0.0001255492,0.00013418768,0.00011756494,0.00018368916
3065,daisy,0.99979955,1.3480957e-05,5.037643e-05,5.054665e-05,8.602381e-05
3066,daisy,2.6348886e-05,0.99996793,7.845466e-07,4.665473e-06,2.3941163e-07
3067,daisy,0.00052041636,4.69841e-05,0.36011815,0.0004622324,0.63885224
3068,daisy,0.9991728,7.9786165e-05,5.612609e-06,0.0007370413,4.7132403e-06
3069,daisy,3.4512257e-05,0.9679842,0.031702586,0.00026937408,9.316092e-06
3070,daisy,0.00068847125,2.2043427e-05,0.9989414,1.7228671e-05,0.0003307269
3071,daisy,0.00010564357,6.958602e-05,0.00014621209,0.00018597857,0.9994925
3072,daisy,0.99726564,0.0003536457,0.00018946241,0.0005055918,0.0016857011
3073,daisy,6.233768e-05,1.1157258e-05,0.9999167,2.1579267e-06,7.685996e-06
3074,daisy,0.00023013601,2.0457559e-05,0.99972934,1.2471908e-05,7.606189e-06
3075,daisy,2.1961494e-06,4.61499e-06,0.99986285,3.834332e-06,0.00012645083
3076,daisy,1.8936882e-05,1.740584e-05,0.9999604,1.2754831e-06,1.9434374e-06
3077,daisy,2.2705828e-05,0.9999102,6.0267932e-05,2.1043595e-06,4.8016536e-06
3078,daisy,1.0304042e-05,2.1484495e-05,0.9998476,7.386648e-06,0.00011323097
3079,daisy,5.3740747e-05,6.529574e-05,0.0006398227,9.480985e-06,0.99923164
3080,daisy,3.2508397e-05,2.2658192e-07,0.00030125497,0.9996568,9.160053e-06
3081,daisy,0.99995196,3.0580177e-05,9.9904155e-06,7.143591e-06,4.4170844e-07
3082,daisy,5.4221533e-07,1.3588502e-06,4.4681707e-05,0.9999526,8.354653e-07
3083,daisy,2.1454784e-05,1.5732519e-06,1.7974689e-06,0.9999746,5.281146e-07
3084,daisy,2.3798088e-06,6.288875e-06,2.8535887e-06,0.9999849,3.5544538e-06
3085,daisy,0.99355996,0.006062782,7.326825e-06,0.00033306098,3.689802e-05
3086,daisy,0.0062992526,0.1659954,0.28174686,0.059574425,0.486384
3087,daisy,0.0010281989,0.9975732,0.0010702255,0.00012502067,0.00020339745
3088,daisy,0.0012242219,5.024579e-05,0.08032699,5.7855632e-05,0.9183407
3089,daisy,5.112192e-05,1.0605681e-05,6.919809e-05,2.4908475e-05,0.9998442
3090,daisy,0.00011258059,5.408745e-05,0.8042966,0.00011789122,0.19541891
3091,daisy,0.00013578264,8.0612896e-05,0.9996252,5.7328336e-05,0.00010111621
3092,daisy,4.400743e-05,1.9815818e-06,0.99929285,1.600235e-05,0.00064512296
3093,daisy,8.636681e-06,1.493749e-05,1.9136958e-05,1.5682086e-05,0.99994165
3094,daisy,1.8668368e-05,5.32184e-06,0.001110232,0.00012441634,0.9987413
3095,daisy,0.00025006972,8.1393055e-06,0.00071467913,0.0012745822,0.99775255
3096,daisy,3.9161364e-07,5.8740134e-06,1.2523304e-05,0.99997294,8.290287e-06
3097,daisy,9.115539e-05,0.999642,0.00022844566,3.7673122e-05,7.103777e-07
3098,daisy,5.351603e-06,5.6620397e-06,8.114392e-05,7.003395e-05,0.99983776
3099,daisy,8.180015e-06,4.830023e-05,1.764348e-05,0.9999197,6.1582277e-06
3100,daisy,0.00020943135,0.9997137,6.681566e-05,6.9729103e-06,3.1539105e-06
3101,daisy,0.9969163,0.0029529328,5.9459226e-06,5.3352815e-05,7.1553244e-05
3102,daisy,0.13512567,0.009909781,0.0039314996,0.010261094,0.84077185
3103,daisy,0.99956846,0.00033183413,1.0064855e-05,7.654392e-05,1.3077546e-05
3104,daisy,0.99993193,4.591412e-06,4.2772037e-05,6.261962e-06,1.4421166e-05
3105,daisy,4.754945e-06,1.2141796e-05,8.298322e-06,1.5462134e-05,0.99995935
3106,daisy,0.0020003675,0.931441,0.000540214,0.0006735584,0.06534484
3107,daisy,0.999697,2.1067006e-05,0.00011133851,0.00014514611,2.5551144e-05
3108,daisy,0.00010491577,0.9990651,0.00080214057,2.4776222e-05,3.0767503e-06
3109,daisy,2.7459097e-05,3.3678138e-05,3.5887897e-05,0.00011108183,0.9997918
3110,daisy,2.017525e-06,5.7702107e-07,0.99998015,2.0195378e-07,1.7003837e-05
3111,daisy,8.6865664e-05,0.9995964,0.00028654138,2.4034625e-05,6.1496094e-06
3112,daisy,6.286642e-07,0.998507,0.0014865278,1.402037e-06,4.3502505e-06
3113,daisy,7.552806e-05,1.1498365e-05,1.2603703e-06,4.8347547e-06,0.99990684
3114,daisy,0.99997187,3.0164997e-06,1.0080965e-05,8.599049e-06,6.4615465e-06
3115,daisy,8.509393e-05,0.00011653737,0.99963474,3.5310415e-05,0.00012827045
3116,daisy,3.8527623e-06,2.7564735e-07,0.00079666387,0.9991964,2.8007385e-06
3117,daisy,2.9449671e-05,3.3906604e-06,2.176454e-06,3.7110105e-05,0.9999279
3118,daisy,1.2011644e-05,0.99986476,2.9831752e-05,8.4392406e-05,8.956304e-06
3119,daisy,2.7841208e-05,9.315549e-05,4.186223e-05,0.9997985,3.8646653e-05
3120,daisy,0.00012781005,0.00016115868,0.00011363693,2.4202825e-05,0.99957323
3121,daisy,2.0399455e-05,5.542859e-06,2.9245182e-05,0.00020300344,0.99974185
3122,daisy,3.8059246e-05,2.028032e-06,0.9999467,2.7645742e-06,1.04798555e-05
3123,daisy,3.357776e-08,3.995467e-06,8.053933e-06,0.99998534,2.6881678e-06
3124,daisy,2.3471806e-05,1.8778854e-05,0.9998787,2.4653255e-06,7.66054e-05
3125,daisy,0.99987763,8.783517e-05,4.2847323e-06,1.4182349e-05,1.6072616e-05
3126,daisy,7.8010125e-05,1.11823165e-05,0.99989736,5.6557715e-06,7.779532e-06
3127,daisy,0.00019902538,0.99946177,2.9659154e-06,8.816352e-06,0.00032745695
3128,daisy,1.0061171e-05,0.9998927,9.1704635e-05,3.5324188e-06,1.9823142e-06
3129,daisy,1.5557473e-06,6.65104e-05,3.6284648e-05,1.46992315e-05,0.9998809
3130,daisy,8.649159e-05,0.9978488,0.00034521235,0.00030719663,0.0014123563
3131,daisy,0.40571523,0.01000437,0.00019951479,0.5837396,0.0003413144
3132,daisy,7.4258287e-06,6.5219438e-06,3.82035e-06,0.00056805334,0.99941415
3133,daisy,0.00012565966,1.7201579e-05,0.9995615,2.1976353e-05,0.00027368625
3134,daisy,0.00035505765,4.257836e-06,3.3707904e-05,0.00043843602,0.9991686
3135,daisy,5.436692e-06,0.99997747,5.9486147e-06,1.0881741e-05,2.526776e-07
3136,daisy,1.9824402e-06,1.5055914e-06,1.8358623e-05,0.9999691,9.118859e-06
3137,daisy,8.862213e-06,0.99996626,1.9653066e-06,2.2677941e-05,2.1822359e-07
3138,daisy,1.1533181e-05,8.9290745e-07,9.768087e-05,0.9998746,1.5250582e-05
3139,daisy,0.00048854045,0.00047212784,0.9803521,0.000590564,0.018096615
3140,daisy,8.498077e-06,0.9989988,0.0009533063,3.939741e-05,4.15073e-08
3141,daisy,5.920726e-06,5.2754976e-06,1.18349035e-05,0.9999765,4.3546697e-07
3142,daisy,0.00013335943,8.078497e-05,5.8268935e-05,0.999725,2.66757e-06
3143,daisy,5.0588624e-06,1.7295204e-07,0.9997817,1.6930126e-06,0.00021138466
3144,daisy,0.99986947,9.3626346e-05,4.3852915e-06,3.0355975e-05,2.2391134e-06
3145,daisy,1.5375834e-05,0.99997914,4.142292e-07,1.455171e-06,3.6589422e-06
3146,daisy,2.5264485e-06,4.799989e-07,3.9520082e-06,0.99999267,3.8401723e-07
3147,daisy,0.00034684173,6.976724e-06,0.9981605,2.6822352e-05,0.0014589637
3148,daisy,2.2428552e-05,7.914781e-06,0.9998703,1.5692252e-05,8.370421e-05
3149,daisy,0.0009263797,0.0007241863,0.53825057,0.005740171,0.45435873
3150,daisy,8.584723e-06,2.4216783e-06,4.13937e-05,0.0003446065,0.999603
3151,daisy,0.0015951233,0.013682695,0.04729909,0.9371511,0.0002719799
3152,daisy,4.313919e-05,0.9999471,3.824399e-06,5.8126534e-06,1.0191172e-07
3153,daisy,2.8781155e-06,4.8276157e-05,9.476312e-05,5.762514e-06,0.99984825
3154,daisy,0.99971783,6.5909435e-06,0.00018212972,5.3520598e-05,3.99597e-05
3155,daisy,7.418922e-06,1.5544914e-06,0.99895227,0.0008313791,0.00020738874
3156,daisy,0.9999404,9.713966e-06,1.9875923e-05,2.5579895e-05,4.440938e-06
3157,daisy,1.2884671e-05,0.00014762304,0.00012277669,1.9392719e-05,0.9996973
3158,daisy,0.00019472449,0.9993863,0.00022879915,0.00017414923,1.6065422e-05
3159,daisy,0.00020642739,0.00011050969,0.003184079,6.207478e-05,0.9964369
3160,daisy,1.1044022e-05,0.99991834,3.861333e-05,2.904574e-05,2.8967686e-06
3161,daisy,0.99997056,2.1428761e-05,5.5455266e-06,6.8278086e-07,1.796089e-06
3162,daisy,1.7560791e-05,8.463412e-07,0.99981135,2.1556466e-06,0.00016812218
3163,daisy,7.4275613e-07,5.65567e-06,4.5533466e-06,3.5163604e-05,0.99995387
3164,daisy,4.801416e-05,0.99978197,3.5764162e-05,0.00013169364,2.4784263e-06
3165,daisy,0.99995995,1.3765974e-05,1.8881985e-05,3.846216e-06,3.5738692e-06
3166,daisy,2.1022847e-06,1.1428095e-05,7.719895e-06,0.9999372,4.1564297e-05
3167,daisy,8.419201e-05,0.000837878,0.00012004502,0.0001295169,0.9988283
3168,daisy,0.99988115,4.404222e-05,3.527777e-05,3.748684e-05,2.0957948e-06
3169,daisy,8.4799254e-08,7.3260126e-06,0.00013995911,0.999845,7.633523e-06
3170,daisy,1.2294042e-05,0.9999121,6.219912e-06,5.347457e-05,1.5908285e-05
3171,daisy,0.00062622863,0.00037047823,6.315879e-05,0.0003662024,0.99857396
3172,daisy,0.0015540093,0.00045243307,0.03870691,0.000105263,0.9591814
3173,daisy,6.227917e-06,4.230277e-06,2.712286e-06,0.9997894,0.00019737447
3174,daisy,6.524913e-05,0.9996355,0.0001307813,0.00011545538,5.295751e-05
3175,daisy,0.0009867334,0.00023706195,0.2034553,4.962876e-05,0.7952713
3176,daisy,6.726415e-05,0.997822,0.0019679687,0.00013541561,7.409034e-06
3177,daisy,2.939123e-05,1.1178619e-05,2.135962e-07,0.99994504,1.4168641e-05
3178,daisy,2.4651115e-05,0.99993706,3.0942356e-05,3.881583e-06,3.4417396e-06
3179,daisy,0.0025681942,0.9964825,0.00019824176,0.00058699463,0.00016406727
3180,daisy,5.6864847e-05,5.9832237e-05,0.0005802202,8.044413e-05,0.99922264
3181,daisy,0.0026293797,0.9972329,6.1524324e-06,0.00012005307,1.1507436e-05
3182,daisy,9.8479795e-05,1.4318213e-05,0.998569,3.098679e-05,0.0012872588
3183,daisy,3.1156716e-05,0.9998826,5.1218907e-05,3.113304e-05,3.9198812e-06
3184,daisy,4.6406574e-05,5.3811294e-05,0.6656823,0.00021757919,0.33399993
3185,daisy,5.6855795e-05,8.173783e-05,8.502743e-05,8.427999e-05,0.99969214
3186,daisy,0.9997756,2.0196643e-05,1.2241236e-05,9.9638804e-05,9.233154e-05
3187,daisy,0.47087574,0.0019789662,0.27043435,0.24037759,0.016333316
3188,daisy,2.6537377e-06,4.207518e-06,0.00043034012,0.0001020617,0.9994608
3189,daisy,0.000112147085,1.9650677e-06,1.0142118e-05,0.9998496,2.6230671e-05
3190,daisy,6.6404864e-06,5.6876697e-06,1.8651299e-06,0.0002765159,0.9997093
3191,daisy,2.6952432e-06,3.0284995e-05,2.9251838e-05,3.5640438e-05,0.9999021
3192,daisy,0.99992687,2.1926933e-05,2.593521e-05,1.5596095e-05,9.729564e-06
3193,daisy,4.846214e-06,0.9999777,2.2509034e-06,1.51190325e-05,4.751577e-08
3194,daisy,1.8317459e-07,2.3376688e-07,0.99992454,1.0245803e-05,6.475443e-05
3195,daisy,0.010686512,0.00052868377,0.9804098,0.0010182366,0.007356818
3196,daisy,7.5444027e-06,0.9956771,0.003904093,0.00041064463,6.9961055e-07
3197,daisy,3.1235693e-05,7.3743e-07,5.287242e-06,4.4310415e-05,0.99991846
3198,daisy,0.9999485,1.2570219e-05,2.9795099e-06,3.4067234e-05,1.8827602e-06
3199,daisy,2.343622e-05,0.99993104,4.74856e-06,1.9717652e-05,2.1048292e-05
3200,daisy,0.00017186452,0.00015534017,0.00025400618,7.7952966e-05,0.9993409
3201,daisy,5.083633e-06,0.999982,4.4924136e-06,7.7475e-06,6.708939e-07
3202,daisy,0.99979955,1.161198e-05,4.4307573e-05,8.3703475e-05,6.0853734e-05
3203,daisy,0.9995435,4.0450028e-05,3.0293834e-06,0.00040539834,7.579257e-06
3204,daisy,4.7693197e-06,5.1691813e-07,0.00010091926,0.9998482,4.5616856e-05
3205,daisy,0.99958915,0.0003379667,2.0298635e-06,5.3256186e-05,1.763857e-05
3206,daisy,1.8386054e-06,0.00016486293,0.00047537228,0.99935424,3.6392844e-06
3207,daisy,8.440482e-06,6.777915e-05,6.8701345e-05,5.330023e-06,0.9998498
3208,daisy,4.8362097e-05,0.00010745063,0.0035694346,8.831488e-05,0.99618644
3209,daisy,0.01837502,0.17214361,0.0279558,0.030145785,0.75137985
3210,daisy,3.9718475e-06,0.99988306,7.596306e-05,2.041909e-05,1.6536256e-05
3211,daisy,0.99985945,5.6671648e-05,1.7482325e-05,6.517531e-05,1.2618782e-06
3212,daisy,0.9999281,9.351353e-06,4.44447e-05,2.9410612e-06,1.5159245e-05
3213,daisy,0.99980706,3.8719263e-05,3.5048004e-05,4.0334322e-05,7.882873e-05
3214,daisy,0.9969198,0.0026378126,0.00018861805,9.804438e-05,0.00015572831
3215,daisy,1.0572248e-05,9.344614e-06,0.0006352494,1.4076306e-05,0.9993308
3216,daisy,0.00043974406,0.00034389616,0.26818454,0.00014886433,0.730883
3217,daisy,0.9998692,2.6007212e-05,8.691803e-05,1.2018412e-05,5.815628e-06
3218,daisy,0.00015590178,6.8613633e-07,0.9995424,0.00022921289,7.173902e-05
3219,daisy,5.274265e-07,2.9751823e-07,6.2865394e-05,0.99993265,3.596359e-06
3220,daisy,0.9969902,3.3965574e-05,0.00015116316,0.00024397214,0.002580687
3221,daisy,4.8263164e-06,0.9999548,1.1647373e-05,2.8570295e-05,2.2460787e-07
3222,daisy,0.002154721,0.026088241,0.0052794716,0.14829366,0.8181839
3223,daisy,1.0648586e-05,0.9999682,2.49418e-06,1.8557002e-05,1.2885288e-07
3224,daisy,0.99921274,1.6870117e-05,0.00022527497,0.0001152396,0.000429962
3225,daisy,6.703094e-05,0.99981135,8.278065e-05,3.7111196e-05,1.8172595e-06
3226,daisy,0.0023396777,6.075633e-05,0.9954589,6.388308e-05,0.00207684
3227,daisy,0.00022729237,3.4116518e-05,0.0001359313,1.0517831e-05,0.9995922
3228,daisy,6.712786e-06,2.2307422e-05,7.866716e-06,1.8149514e-05,0.999945
3229,daisy,0.99872005,0.000106893945,0.00025181688,6.593023e-05,0.00085531425
3230,daisy,9.650554e-07,2.3122477e-06,0.99898374,4.023462e-06,0.0010089118
3231,daisy,1.4046169e-06,3.0306412e-06,0.9999688,2.1222645e-06,2.4655286e-05
3232,daisy,1.8973539e-06,5.237839e-06,2.5005284e-06,9.83099e-05,0.99989194
3233,daisy,0.011350306,0.18575971,0.266978,0.0060270843,0.52988493
3234,daisy,1.5813155e-05,1.8138314e-06,0.99919146,4.228544e-05,0.00074860075
3235,daisy,4.765316e-05,0.999914,2.2016571e-05,1.5745636e-05,6.2412084e-07
3236,daisy,3.2174644e-06,3.4853042e-06,0.008197351,4.6605132e-06,0.99179125
3237,daisy,0.99967194,5.5185188e-05,0.00013642982,0.00012419383,1.2188904e-05
3238,daisy,0.0105234515,0.9889309,3.4121847e-06,0.00016729237,0.00037504354
3239,daisy,0.99979955,0.000119751414,1.9763738e-05,2.3966706e-05,3.6934427e-05
3240,daisy,0.00025692896,0.99944574,0.00022194235,2.6574576e-06,7.267984e-05
3241,daisy,7.0792144e-06,0.7997328,0.19996741,0.0002914858,1.2725791e-06
3242,daisy,5.452045e-05,7.98316e-06,8.063331e-05,0.9998523,4.5967136e-06
3243,daisy,7.30788e-07,3.5522667e-09,1.3297211e-05,0.9999851,8.2877966e-07
3244,daisy,3.2932196e-05,0.99993026,5.149403e-06,8.889214e-06,2.274977e-05
3245,daisy,0.0002165217,0.0036286463,1.6410591e-05,0.9961135,2.4903537e-05
3246,daisy,2.6206191e-05,0.99995184,1.2587786e-06,1.0995102e-05,9.685527e-06
3247,daisy,0.9918467,0.0005533445,0.0065150214,0.00038000586,0.0007049995
3248,daisy,4.801277e-05,0.99987876,4.595694e-05,2.4246056e-05,3.0399126e-06
3249,daisy,1.6500619e-06,7.466589e-05,7.743077e-06,0.00010288815,0.9998131
3250,daisy,1.08355586e-07,6.451217e-08,0.000102203434,0.9998964,1.198867e-06
3251,daisy,0.99995744,2.041691e-05,1.1540216e-05,5.0983444e-06,5.4357283e-06
3252,daisy,0.0025518197,0.00078234635,0.00031637927,0.00013842738,0.99621105
3253,daisy,5.0315884e-05,2.4022415e-06,0.9999258,1.5387993e-06,1.9971443e-05
3254,daisy,1.4438645e-05,0.99982995,1.3988373e-05,1.4690873e-05,0.00012692568
3255,daisy,1.3392776e-06,2.0189204e-06,0.00013385023,3.2708135e-06,0.9998595
3256,daisy,0.00014562035,1.6809903e-05,0.0016222566,5.6840458e-05,0.99815845
3257,daisy,0.9994289,1.4077217e-05,3.417291e-05,0.0005115339,1.1190771e-05
3258,daisy,0.0029497896,0.9970123,1.875032e-05,1.4957759e-05,4.21084e-06
3259,daisy,0.0002796906,0.00035970414,0.00013796113,2.4572241e-06,0.9992202
3260,daisy,0.000110165354,0.0058079846,0.00014764757,0.99375117,0.00018301558
3261,daisy,0.00033931123,0.019482438,0.1768964,0.7969038,0.0063780523
3262,daisy,1.2427057e-06,3.894009e-07,0.9989091,1.432032e-06,0.0010877366
3263,daisy,3.6963224e-06,0.9999863,8.478951e-06,1.5944873e-06,3.1384282e-08
3264,daisy,3.849095e-06,0.9999652,1.688896e-05,1.4037863e-05,2.214237e-08
3265,daisy,9.187081e-05,0.99988747,9.574845e-06,1.8280243e-06,9.338777e-06
3266,daisy,4.98764e-05,2.827214e-05,0.00016281086,0.9996597,9.9257195e-05
3267,daisy,3.2431064e-05,0.9999377,1.1500909e-05,1.6519887e-05,1.9080453e-06
3268,daisy,3.4545337e-05,9.114921e-06,3.443755e-05,2.1884849e-05,0.99990004
3269,daisy,0.0055186166,0.2164307,0.00021579736,0.030488577,0.74734634
3270,daisy,0.998501,0.00021801578,0.00041940282,0.0002772219,0.0005842767
3271,daisy,6.3149114e-06,0.9997694,1.5933618e-05,0.00020822135,1.5292773e-07
3272,daisy,9.223189e-07,4.8897623e-06,4.16661e-06,9.0830474e-07,0.99998915
3273,daisy,8.294564e-05,2.0584874e-05,0.99987954,7.327885e-06,9.555557e-06
3274,daisy,0.99662197,0.0024111022,3.8568054e-05,0.000903261,2.5040066e-05
3275,daisy,0.9991671,0.0007452769,1.0802521e-05,7.142073e-05,5.422044e-06
3276,daisy,7.030547e-05,0.00018416993,8.707602e-05,0.0059653134,0.9936932
3277,daisy,1.9364883e-05,0.99995023,1.2319903e-05,7.0195756e-06,1.0979742e-05
3278,daisy,0.0003661476,0.9984949,0.0010397884,9.289486e-05,6.266632e-06
3279,daisy,0.99876004,3.816109e-05,0.0009010448,0.00011341968,0.00018728263
3280,daisy,8.528189e-05,0.9997729,3.0078805e-05,3.8017002e-05,7.372386e-05
3281,daisy,5.0644147e-05,0.9990035,6.552026e-05,0.00087917596,1.1851641e-06
3282,daisy,0.0002962677,0.00079491065,0.0004665243,0.0008524821,0.99758977
3283,daisy,3.1215347e-08,7.101034e-06,1.3656552e-06,0.9999914,9.722636e-08
3284,daisy,2.0068028e-05,0.99997663,4.1220423e-07,2.061256e-06,8.08653e-07
3285,daisy,1.2218463e-06,0.99995154,4.2870844e-05,2.1897479e-07,4.1623252e-06
3286,daisy,7.774689e-05,0.00017540903,0.99956036,2.252038e-05,0.00016395954
3287,daisy,1.7037119e-05,2.114565e-05,1.9084106e-05,0.99978906,0.00015360364
3288,daisy,0.9976411,4.8146896e-05,0.0021228304,7.328014e-05,0.00011461119
3289,daisy,1.6720562e-05,0.00013333076,0.00027171028,0.9995262,5.2043302e-05
3290,daisy,0.9963198,0.0034837634,3.0116818e-05,0.00014146554,2.4820416e-05
3291,daisy,0.00025643862,0.9995407,9.971303e-05,2.5763899e-05,7.744776e-05
3292,daisy,0.00030677137,0.9995302,3.5905912e-05,5.305485e-05,7.411166e-05
3293,daisy,7.435838e-05,7.879791e-06,0.9996971,0.00014164735,7.898692e-05
3294,daisy,9.519825e-05,0.9995977,5.8058627e-05,0.00021588682,3.317085e-05
3295,daisy,1.7739994e-05,3.131998e-05,4.240515e-06,0.00019707563,0.99974966
3296,daisy,6.094513e-06,1.9347617e-06,0.9993409,3.4703291e-06,0.00064754125
3297,daisy,0.00032165006,0.9995969,2.6529513e-06,6.252251e-05,1.621253e-05
3298,daisy,8.232376e-05,0.000114252776,7.278465e-05,0.99958295,0.0001477179
3299,daisy,0.0023962767,5.823853e-05,0.9975194,1.5533114e-05,1.0543555e-05
3300,daisy,4.4595457e-05,0.999941,1.2617259e-06,1.3045732e-05,1.2162847e-07
3301,daisy,8.310678e-05,6.0055027e-06,0.00023180076,0.9996686,1.050806e-05
3302,daisy,5.477332e-05,0.99987924,6.490293e-05,6.813852e-07,3.893477e-07
3303,daisy,0.00019549609,6.047644e-05,0.99911195,8.128659e-05,0.0005508138
3304,daisy,1.4447505e-05,4.4724915e-05,3.972419e-05,2.2313745e-05,0.99987876
3305,daisy,0.9994472,0.00035094045,3.164966e-05,0.0001624154,7.751981e-06
3306,daisy,1.6399827e-06,2.1195985e-06,1.0976083e-05,0.9999735,1.1818907e-05
3307,daisy,1.1726899e-05,0.99874526,0.0011930915,4.8403148e-05,1.5621542e-06
3308,daisy,0.018854776,0.00983853,0.25205207,0.6906177,0.028636942
3309,daisy,0.9997867,0.00017973338,1.2710187e-05,1.2046412e-05,8.86508e-06
3310,daisy,1.864983e-05,0.9999609,8.2717115e-06,5.1567936e-06,6.9942253e-06
3311,daisy,0.999918,2.5191413e-05,1.023599e-05,4.4373923e-05,2.2103527e-06
3312,daisy,1.8236142e-05,2.746497e-06,0.99834365,7.2756457e-06,0.0016280735
3313,daisy,3.3726403e-05,6.006634e-05,0.998785,0.00026694447,0.0008542222
3314,daisy,0.9990506,8.835649e-05,1.1109368e-05,0.0008373897,1.2540416e-05
3315,daisy,7.2152674e-05,0.99984705,6.697017e-05,1.3800076e-05,7.709446e-08
3316,daisy,0.99997264,1.0693581e-05,4.4413273e-06,1.0895704e-05,1.301555e-06
3317,daisy,3.1459797e-06,0.99999464,7.214918e-07,1.4898892e-06,3.035416e-08
3318,daisy,4.6200574e-05,0.99798936,0.0018630039,8.507907e-05,1.6334565e-05
3319,daisy,0.9999132,3.5773737e-05,1.7192391e-06,4.419556e-05,5.0210633e-06
3320,daisy,0.9949089,1.3638781e-05,2.5428215e-05,0.0050435364,8.553439e-06
3321,daisy,3.8715693e-06,8.16743e-06,0.99997807,2.6789562e-06,7.1777554e-06
3322,daisy,7.684368e-05,3.4161374e-06,5.9517264e-05,0.99983644,2.3782099e-05
3323,daisy,6.455584e-05,2.5437453e-06,0.9999285,2.890506e-06,1.476863e-06
3324,daisy,0.00010842447,4.3116288e-05,0.000119618184,0.0006791834,0.99904966
3325,daisy,0.00014299717,0.9998544,8.90288e-07,1.7126604e-06,1.0613309e-08
3326,daisy,0.00014822374,0.99953187,0.00020667692,9.755888e-05,1.5695352e-05
3327,daisy,2.6302921e-05,3.5427947e-06,0.999714,3.631315e-05,0.00021986733
3328,daisy,1.9062658e-05,0.99995327,1.1119611e-05,1.5294641e-05,1.2771944e-06
3329,daisy,2.280834e-05,0.9999739,5.0673793e-07,9.980336e-07,1.7477996e-06
3330,daisy,0.16900468,0.09746141,0.69149286,0.003905151,0.038135983
3331,daisy,8.538561e-07,8.7506476e-07,0.99999726,1.2344863e-07,9.2400114e-07
3332,daisy,0.99999774,1.0391199e-06,2.6376796e-07,8.4095944e-07,1.2292989e-07
3333,daisy,1.4922655e-07,2.3492344e-08,3.539255e-05,0.9999633,1.2321395e-06
3334,daisy,0.00010302839,7.143209e-05,0.00016439572,0.99938935,0.0002717953
3335,daisy,1.2726016e-05,0.99989814,8.196941e-05,6.9968664e-06,1.2836804e-07
3336,daisy,0.52385867,0.00024939346,0.00015664198,0.4757254,9.875795e-06
3337,daisy,0.9999218,1.573892e-05,7.1809104e-06,5.324339e-05,2.072999e-06
3338,daisy,4.626548e-06,7.83907e-06,4.672166e-06,0.0005345686,0.9994483
3339,daisy,6.9288406e-05,2.0856654e-05,0.99983215,1.9129378e-05,5.857141e-05
3340,daisy,1.2504887e-06,5.55567e-07,5.932258e-06,0.9999896,2.6771736e-06
3341,daisy,0.0004127699,0.9988753,3.3115437e-05,0.0001624141,0.00051643973
3342,daisy,0.9999859,3.5135376e-06,5.6189374e-06,4.5535958e-06,5.3859253e-07
3343,daisy,0.9944439,0.0047642076,0.00016959987,0.00023420167,0.00038804163
3344,daisy,2.4207691e-05,0.981833,0.017937813,0.00020214284,2.8615273e-06
3345,daisy,2.5840007e-05,0.9999477,1.4818228e-05,1.08612185e-05,8.041123e-07
3346,daisy,0.9996699,6.711266e-05,0.00014028422,0.00011983686,2.8658535e-06
3347,daisy,0.0002921034,7.608375e-06,3.6217047e-05,0.0006794578,0.99898463
3348,daisy,3.1835705e-05,1.1544851e-05,0.99989307,4.672501e-06,5.8889993e-05
3349,daisy,1.4485753e-05,1.2403469e-06,0.9997884,1.1973845e-05,0.00018387547
3350,daisy,0.99538153,7.016152e-05,0.00022511577,0.0041914554,0.00013166168
3351,daisy,7.144835e-06,0.99997866,5.060372e-06,8.957837e-06,2.1130504e-07
3352,daisy,0.00076893234,0.00011824463,6.939275e-07,0.99911153,6.160265e-07
3353,daisy,9.564641e-06,0.9999016,4.8423382e-05,3.4391367e-05,5.9931144e-06
3354,daisy,9.918543e-05,4.717848e-05,0.99954814,0.00019903989,0.00010647182
3355,daisy,0.00014043394,2.6378362e-05,0.00011636978,0.00017611841,0.9995407
3356,daisy,2.2700353e-05,0.99983233,4.8701342e-05,9.476685e-05,1.4681318e-06
3357,daisy,4.5811692e-05,0.00035254157,0.0052950913,0.00095180434,0.9933547
3358,daisy,0.00038757603,5.3452502e-05,0.99697363,0.00066851923,0.001916885
3359,daisy,0.9985717,0.00019521339,2.5658936e-05,8.313584e-05,0.0011243621
3360,daisy,0.0018366684,0.9852182,0.010704048,0.0003329938,0.0019080045
3361,daisy,2.9861443e-05,1.5187844e-05,9.091292e-05,1.6815731e-05,0.99984723
3362,daisy,0.0016787046,4.1794403e-05,0.9979267,0.00034256565,1.0179343e-05
3363,daisy,0.00077031535,3.8901335e-06,2.5154503e-05,3.6771337e-06,0.999197
3364,daisy,0.9999445,3.038683e-05,5.867878e-06,1.1507736e-05,7.792607e-06
3365,daisy,0.9998479,3.4690183e-05,4.166904e-05,2.3844255e-05,5.192235e-05
3366,daisy,0.00010243474,0.99840224,0.0014336682,5.9867038e-05,1.8376583e-06
3367,daisy,9.536289e-08,6.6811043e-07,2.8751526e-06,0.9999933,3.0472315e-06
3368,daisy,2.6884788e-08,5.932538e-08,1.9569775e-06,0.999998,1.599383e-08
3369,daisy,0.0004376665,7.8854515e-05,0.025887746,5.751563e-05,0.9735382
3370,daisy,2.758171e-05,0.9996681,5.0098934e-05,6.728161e-05,0.00018692689
3371,daisy,2.2887814e-05,0.99997026,8.31174e-07,5.9190265e-06,1.6309407e-07
3372,daisy,0.00051294,8.82327e-06,0.998819,2.942931e-05,0.00062988536
3373,daisy,0.00015402357,0.99978745,2.639599e-05,3.1930773e-05,2.1009673e-07
3374,daisy,6.0751954e-05,0.99991643,1.7168346e-05,4.58055e-06,1.1074351e-06
3375,daisy,5.2228697e-06,0.9999199,1.8389885e-06,4.3094602e-05,3.0006107e-05
3376,daisy,0.003130915,0.71182096,0.00013506119,0.0077671437,0.2771459
3377,daisy,0.00014806757,0.9993144,1.5803698e-05,0.0005050706,1.6715338e-05
3378,daisy,6.770726e-05,0.0002756853,9.673581e-05,1.1255347e-05,0.9995486
3379,daisy,1.6216405e-05,0.99832153,1.7478062e-05,0.0011891284,0.00045571686
3380,daisy,1.2318266e-06,4.3031136e-07,6.397869e-07,0.9999976,6.48628e-08
3381,daisy,0.9996902,0.00022477168,5.5984907e-05,1.6509037e-05,1.2538128e-05
3382,daisy,0.9999029,5.225405e-06,6.213375e-05,2.4266585e-05,5.4541583e-06
3383,daisy,3.7243922e-07,1.959076e-06,2.3660955e-06,0.99997205,2.3230783e-05
3384,daisy,2.7144095e-05,0.9999348,1.4377106e-05,1.7988665e-05,5.7709353e-06
3385,daisy,1.118085e-05,0.9998848,4.8565038e-05,4.4001976e-05,1.13912665e-05
3386,daisy,9.128325e-06,2.142788e-06,7.493289e-05,0.00043191068,0.99948186
3387,daisy,0.00044419157,5.0642015e-05,0.0029606118,0.000744735,0.99579984
3388,daisy,4.9584914e-06,5.624169e-07,0.99999285,8.007789e-07,8.35e-07
3389,daisy,0.43722153,0.008386059,0.36587286,0.0019304936,0.18658902
3390,daisy,1.44127025e-05,2.1802548e-06,0.9999479,2.4571805e-06,3.2992466e-05
3391,daisy,0.9998728,2.4752215e-05,7.187375e-05,1.3282699e-05,1.7339447e-05
3392,daisy,1.3978125e-06,0.99998075,7.336103e-06,1.0187403e-05,3.519277e-07
3393,daisy,1.3205242e-06,0.9999938,2.3650089e-06,2.490296e-06,4.277972e-08
3394,daisy,0.25972995,0.1508878,0.0024105376,0.27926502,0.3077067
3395,daisy,4.7362228e-06,6.2511447e-07,0.99998885,6.60567e-07,5.1675493e-06
3396,daisy,6.9100744e-05,2.4820512e-05,0.99223363,0.00020946455,0.007463023
3397,daisy,2.8677123e-06,0.9999574,1.4718507e-05,2.037093e-05,4.6508303e-06
3398,daisy,0.00015249802,0.9992201,0.0006069703,1.4383283e-05,6.028555e-06
3399,daisy,0.0008433359,0.99574864,0.0033565662,2.732598e-05,2.4199797e-05
3400,daisy,2.7578451e-05,2.1234406e-05,8.303386e-05,0.0006437901,0.99922436
3401,daisy,8.9531466e-07,8.011397e-06,2.6916789e-05,0.99996215,2.0196e-06
3402,daisy,0.00026767666,0.99969006,3.0703093e-06,3.6453093e-05,2.753196e-06
3403,daisy,0.034174897,0.74528,0.010806801,0.20810309,0.0016351668
3404,daisy,0.00016904347,0.0001477944,0.70014983,8.5107764e-05,0.29944825
3405,daisy,0.005552385,0.0003983401,0.09186054,4.3412605e-05,0.9021454
3406,daisy,0.000278313,0.00090718997,0.9188943,1.7187722e-05,0.07990305
3407,daisy,0.00025736672,0.99958485,6.473186e-05,7.6811644e-05,1.61742e-05
3408,daisy,0.0072940215,0.4429732,0.0007557777,0.5485706,0.000406422
3409,daisy,3.039013e-06,0.00040292685,0.001440798,0.9972455,0.0009077249
3410,daisy,3.158668e-05,0.9848946,3.331058e-05,0.015029284,1.12721045e-05
3411,daisy,1.5980264e-06,9.685913e-06,0.99991673,1.5596277e-05,5.631857e-05
3412,daisy,1.3753593e-05,2.468193e-06,0.99650514,0.00021511463,0.003263494
3413,daisy,1.5364074e-06,1.0728439e-07,0.99987423,3.302565e-05,9.113818e-05
3414,daisy,2.5375217e-05,0.9984869,1.529205e-06,0.0014857256,5.3392233e-07
3415,daisy,0.0009424855,0.99839556,4.3612265e-05,1.212589e-05,0.0006062422
3416,daisy,0.9933382,9.695895e-05,0.00021784935,0.0015885998,0.004758359
3417,daisy,2.95183e-06,3.806368e-06,4.150333e-05,0.9999362,1.5511967e-05
3418,daisy,3.332724e-05,2.5724026e-05,0.00029130955,1.7510196e-05,0.99963206
3419,daisy,1.5542357e-05,0.00036947947,2.403353e-06,0.00036812044,0.9992445
3420,daisy,5.919135e-06,8.2951493e-07,0.9999925,3.6467696e-07,4.1284488e-07
3421,daisy,0.00038816957,0.9996012,1.3390866e-06,9.245857e-06,9.720145e-08
3422,daisy,0.00046338452,2.2544464e-06,0.9985843,1.8314477e-05,0.00093175704
3423,daisy,0.0001183374,5.0443738e-05,0.0001429837,0.00066082855,0.99902743
3424,daisy,7.173836e-07,8.741561e-07,4.339352e-06,0.9999515,4.2625616e-05
3425,daisy,0.99786675,0.0013545649,0.00027769135,0.00048398162,1.7040928e-05
3426,daisy,0.00043032947,5.2305208e-05,0.32997283,0.0002052563,0.66933924
3427,daisy,0.0006922692,0.00011673401,0.99850833,6.932499e-05,0.0006133203
3428,daisy,0.002190291,2.4626735e-05,0.001797654,0.00038036978,0.9956071
3429,daisy,0.99970883,2.4679757e-05,0.0002131289,9.31557e-06,4.4035278e-05
3430,daisy,0.9999356,7.979239e-06,3.374413e-05,1.6178728e-05,6.514544e-06
3431,daisy,0.0001819402,0.00014818748,0.3792316,0.0013945216,0.61904377
3432,daisy,2.4968235e-06,0.9998719,1.0949341e-05,0.000114564355,4.1554532e-08
3433,daisy,5.605598e-05,0.99949324,0.00022285522,0.00022638435,1.5119169e-06
3434,daisy,7.691354e-07,1.4494141e-07,5.325748e-06,0.99999315,6.368303e-07
3435,daisy,0.00010466956,2.0623545e-05,0.00036586265,4.0017417e-06,0.99950486
3436,daisy,0.9999383,1.8599374e-05,1.0109688e-06,3.296195e-05,9.055293e-06
3437,daisy,8.5863045e-05,0.00015236449,0.99868345,2.379229e-05,0.0010545504
3438,daisy,0.9992367,0.00010306842,0.00035339745,0.00017803049,0.00012883032
3439,daisy,4.772895e-06,2.0838597e-05,3.6337242e-05,3.5679277e-05,0.99990237
3440,daisy,2.3437015e-05,4.296812e-05,6.5438135e-06,0.999926,1.0310472e-06
3441,daisy,3.0737952e-05,1.3706964e-06,7.2418516e-05,1.9647478e-05,0.99987584
3442,daisy,0.29637358,0.20430574,4.7954585e-05,0.49874753,0.0005251762
3443,daisy,0.9998809,1.6400929e-05,1.0063789e-05,8.2637765e-05,9.998137e-06
3444,daisy,4.5186498e-05,0.9998704,4.876653e-06,1.8140803e-05,6.144985e-05
3445,daisy,1.2423217e-05,0.99942887,0.0005557453,1.5916227e-06,1.3937697e-06
3446,daisy,2.779345e-05,0.00013507891,2.1361933e-05,0.9997614,5.4275268e-05
3447,daisy,5.432269e-05,2.162636e-06,1.3336755e-06,0.9999422,2.4733847e-08
3448,daisy,7.6425276e-05,6.4170613e-06,2.3439861e-06,0.9999092,5.5438204e-06
3449,daisy,0.0012232683,0.0001807719,0.3833869,0.0076836804,0.60752535
3450,daisy,1.1305433e-05,1.1462454e-05,2.452252e-06,5.662029e-05,0.99991816
3451,daisy,7.544883e-06,1.0385914e-05,3.1501328e-05,0.9999029,4.7656104e-05
3452,daisy,0.9999631,5.8039222e-06,2.1109265e-05,8.2484985e-06,1.7751988e-06
3453,daisy,5.273022e-06,1.3980787e-06,1.5910707e-06,0.00023008518,0.9997617
3454,daisy,1.109699e-06,7.7544917e-07,0.9999691,1.612438e-06,2.7473845e-05
3455,daisy,2.3840792e-05,1.8317963e-06,4.217776e-05,0.9999272,4.9128366e-06
3456,daisy,8.283464e-05,0.0003844999,0.025702875,0.00041107758,0.9734187
3457,daisy,1.7087984e-06,1.4528334e-06,4.97683e-06,0.99998885,3.0303604e-06
3458,daisy,1.3471157e-05,1.3466027e-05,0.9999173,2.2538032e-05,3.3217373e-05
3459,daisy,1.4295132e-05,0.9997195,0.00024646678,1.9177898e-05,4.4507533e-07
3460,daisy,6.3276726e-05,3.719567e-05,0.99987966,3.5659111e-06,1.628502e-05
3461,daisy,6.961418e-06,3.003293e-06,5.348056e-06,3.139041e-06,0.9999815
3462,daisy,0.0003197028,9.02824e-06,0.9996191,8.942696e-06,4.3220527e-05
3463,daisy,2.3836358e-07,1.1782445e-07,0.00015265279,0.9998366,1.0315491e-05
3464,daisy,0.00081514724,6.226139e-05,0.9967432,0.00033573963,0.0020437054
3465,daisy,6.6341345e-05,0.9999093,6.452592e-06,1.7195965e-05,7.017825e-07
3466,daisy,5.662272e-06,1.3909313e-05,0.99944174,2.4492116e-05,0.0005142242
3467,daisy,0.00029091723,2.0744537e-05,0.9996338,2.796154e-05,2.6525366e-05
3468,daisy,5.9302533e-06,0.8494816,0.1504766,3.541462e-05,4.4945682e-07
3469,daisy,0.0013655385,0.036956355,0.04577755,0.028917536,0.88698304
3470,daisy,3.6089084e-06,0.9987513,0.00035713793,0.00083301886,5.4963177e-05
3471,daisy,2.623233e-05,0.9999717,1.01782476e-07,1.8872018e-06,1.0499299e-07
3472,daisy,0.999781,0.00015749875,7.5966077e-06,2.483945e-05,2.9089622e-05
3473,daisy,0.00011021958,0.996908,0.0029721572,9.356745e-06,2.5216636e-07
3474,daisy,4.220428e-05,5.791971e-06,1.7725653e-05,0.00028034204,0.99965394
3475,daisy,1.4154089e-06,0.99999684,5.2748453e-07,6.1945127e-07,6.533802e-07
3476,daisy,0.00016466177,0.9997999,5.6321364e-06,1.3416208e-05,1.6459951e-05
3477,daisy,1.8303803e-05,4.376304e-05,0.9997872,0.00013008602,2.0594573e-05
3478,daisy,1.6978523e-05,8.240899e-06,0.9999677,3.809487e-06,3.3094407e-06
3479,daisy,0.0007097159,0.0016372486,0.00056821894,1.8713532e-05,0.99706614
3480,daisy,1.8652634e-05,0.9999771,7.9963866e-07,1.1877926e-06,2.207564e-06
3481,daisy,9.856658e-06,9.395539e-06,9.907018e-06,4.283859e-06,0.9999666
3482,daisy,0.0002242851,0.00045423684,2.3555007e-05,7.9959e-06,0.9992899
3483,daisy,4.2777217e-05,9.094971e-05,4.488616e-05,0.99975145,6.99188e-05
3484,daisy,0.99958676,3.6994694e-05,7.602702e-05,0.00027502264,2.5147416e-05
3485,daisy,3.5003002e-06,4.618177e-06,8.7713e-05,4.838994e-05,0.9998558
3486,daisy,2.5438135e-06,0.9999813,1.3847353e-05,2.1538938e-06,2.0413617e-07
3487,daisy,4.156026e-05,2.6835729e-05,0.9995731,5.8637634e-05,0.00029979204
3488,daisy,0.00012372724,7.299289e-07,3.038469e-05,0.9998441,1.0340907e-06
3489,daisy,5.386095e-07,1.5377531e-06,0.9999488,4.257174e-06,4.482737e-05
3490,daisy,0.00019417478,7.7751654e-05,0.00082326203,0.99882746,7.729775e-05
3491,daisy,2.652236e-05,0.9999402,6.8531454e-06,2.4624902e-05,1.8247995e-06
3492,daisy,2.602366e-05,6.1155283e-06,1.35270775e-05,2.1183027e-05,0.99993306
3493,daisy,0.000353819,2.7261884e-05,5.212566e-06,0.00025222378,0.9993615
3494,daisy,0.0032627638,0.9956058,0.00017313687,0.0004294718,0.00052870635
3495,daisy,0.00070593966,6.950793e-07,2.9436393e-07,0.99927425,1.8846016e-05
3496,daisy,0.00015293836,0.9986078,0.0011007987,0.00013133636,7.0918018e-06
3497,daisy,5.3913354e-06,1.21135e-05,2.7799386e-05,0.99995244,2.327883e-06
3498,daisy,0.9972232,0.0017688284,0.00034434086,0.000630737,3.2908974e-05
3499,daisy,0.99977225,0.00018424445,1.9385443e-05,2.0759133e-05,3.3819585e-06
3500,daisy,2.1313268e-05,0.99959075,0.000309126,7.867636e-05,8.9258315e-08
3501,daisy,2.8650858e-05,3.243599e-06,4.6985275e-05,2.0906133e-05,0.9999002
3502,daisy,0.00038988038,0.9995006,9.329806e-05,1.606337e-05,1.9219888e-07
3503,daisy,6.8747854e-06,0.9991867,0.0006974205,0.000108300264,6.551908e-07
3504,daisy,0.00012606112,0.9998568,1.0581693e-06,1.6147731e-05,2.4686816e-08
3505,daisy,0.9952361,0.00016418027,0.0036043064,0.00044144405,0.0005539521
3506,daisy,4.7897676e-05,2.889665e-05,0.00018669249,2.9646279e-05,0.99970686
3507,daisy,0.0001609715,0.00010563807,0.9995133,9.860045e-06,0.00021017008
3508,daisy,0.9999754,1.006237e-05,6.991868e-06,4.631359e-06,2.823443e-06
3509,daisy,0.99952793,0.00026230112,2.4114697e-05,0.00016500203,2.064039e-05
3510,daisy,1.7999333e-05,0.9998156,3.1365566e-06,1.4143792e-05,0.00014917151
3511,daisy,3.251649e-06,3.8278313e-07,1.1712403e-06,0.99998885,6.351237e-06
3512,daisy,0.00012540407,0.0023121631,4.267951e-05,0.9973984,0.000121290796
3513,daisy,7.620124e-05,2.8526048e-07,3.802422e-05,0.9998714,1.419793e-05
3514,daisy,0.00021226218,0.99975073,1.0848002e-05,2.56807e-05,4.490045e-07
3515,daisy,2.1408673e-06,0.9986618,0.0012743098,6.170854e-05,1.3856507e-07
3516,daisy,0.99976236,0.00010167777,4.6304027e-05,2.5931931e-05,6.37038e-05
3517,daisy,0.9989877,6.12519e-05,0.0005515618,8.253202e-05,0.00031700314
3518,daisy,8.01032e-06,3.1960764e-05,3.2111748e-05,1.6098875e-05,0.9999118
3519,daisy,0.99962187,0.00021725222,1.8877208e-05,1.7426626e-05,0.00012457618
3520,daisy,0.9983465,0.0001998824,0.0012359598,4.440026e-05,0.00017322502
3521,daisy,2.1268334e-06,7.76235e-06,0.999965,4.898432e-06,2.0232428e-05
3522,daisy,0.99979943,1.2017478e-05,0.00012871754,3.5892346e-05,2.3889224e-05
3523,daisy,0.19937827,0.24250467,0.003182986,0.030178431,0.5247557
3524,daisy,0.09458761,0.9041405,2.2897324e-05,0.0012455744,3.3914653e-06
3525,daisy,0.11288999,0.07290937,0.17921184,0.0013734165,0.6336154
3526,daisy,1.891032e-05,0.0001627504,0.00013023269,7.129601e-05,0.9996168
3527,daisy,0.00038612704,0.9995971,1.456937e-05,1.7213312e-06,5.5577124e-07
3528,daisy,1.3480067e-05,0.9999008,2.7636706e-06,1.2699311e-05,7.025962e-05
3529,daisy,6.6954264e-05,0.99990976,1.5538924e-05,6.3078724e-06,1.4482669e-06
3530,daisy,5.338751e-07,7.827142e-09,8.11816e-07,0.99999857,1.2940214e-07
3531,daisy,0.999784,0.00018411053,1.604197e-05,1.1980424e-05,3.9017605e-06
3532,daisy,7.651937e-06,6.88109e-05,0.99986774,4.374761e-05,1.1990187e-05
3533,daisy,1.5687434e-05,2.2869008e-05,0.00011689779,2.2552184e-05,0.99982196
3534,daisy,3.8966504e-05,2.7775654e-05,0.0075467913,0.0001438168,0.99224263
3535,daisy,4.055923e-05,8.688499e-06,0.9998819,1.5793561e-05,5.3019896e-05
3536,daisy,0.8228568,0.17647001,0.00020282925,0.00043436064,3.597201e-05
3537,daisy,0.210717,0.3897411,0.050056003,0.11123095,0.23825495
3538,daisy,0.04966787,0.82885617,0.01718144,0.040917866,0.06337661
3539,daisy,0.00037316157,0.9995173,8.69054e-06,9.990026e-05,8.8518516e-07
3540,daisy,6.2352825e-05,0.99904585,0.0008790187,1.2245962e-05,5.326886e-07
3541,daisy,1.0876315e-05,0.99996126,7.159402e-06,2.0342004e-05,2.331781e-07
3542,daisy,1.0863995e-07,7.4093407e-07,0.9999973,7.0560384e-07,1.1937452e-06
3543,daisy,2.564189e-06,7.063678e-06,2.3271608e-05,8.356402e-05,0.99988353
3544,daisy,8.286617e-06,8.3659015e-06,0.99967706,1.0792062e-05,0.00029547763
3545,daisy,7.330539e-06,0.99952364,1.0060701e-05,0.00045735794,1.5659589e-06
3546,daisy,1.0904748e-06,2.6959004e-08,3.543421e-06,0.99999535,2.5901532e-08
3547,daisy,1.641793e-05,0.00089672534,0.9988634,0.00011482936,0.00010861737
3548,daisy,0.001078232,0.00043308348,0.9968597,6.520017e-05,0.0015637813
3549,daisy,2.5225754e-05,0.99901456,0.0008048176,0.00015415033,1.2337318e-06
3550,daisy,1.948959e-06,2.8842076e-06,0.99995834,2.1447559e-06,3.475816e-05
3551,daisy,7.449014e-06,0.9999685,5.722363e-07,1.5037285e-05,8.414871e-06
3552,daisy,1.7173337e-05,0.99897194,0.0008884064,0.00011375737,8.7336375e-06
3553,daisy,2.810033e-05,1.5986308e-05,5.755867e-06,2.5811261e-05,0.99992436
3554,daisy,0.99982464,0.00013558657,4.3925243e-06,9.583896e-06,2.5856289e-05
3555,daisy,2.1565716e-05,0.9999752,1.2979519e-06,6.922361e-07,1.2115304e-06
